Subsequence,Contains
ggagcatcggag,0.366666666666667
gagcatcggagg,0.366666666666667
agcatcggaggt,0.366666666666667
gcatcggaggtg,0.283333333333333
catcggaggtga,0.2
atcggaggtgat,0.166666666666667
tcggaggtgatg,0.166666666666667
cggaggtgatgg,0.166666666666667
ggaggtgatggg,0.166666666666667
gaggtgatgggc,0.166666666666667
aggtgatgggca,0.25
ggtgatgggcag,0.266666666666667
gtgatgggcagg,0.266666666666667
tgatgggcaggc,0.266666666666667
gatgggcaggcg,0.266666666666667
atgggcaggcgc,0.266666666666667
tgggcaggcgct,0.316666666666667
gggcaggcgctc,0.4
ggcaggcgctca,0.4
gcaggcgctcac,0.383333333333333
caggcgctcaca,0.383333333333333
aggcgctcacat,0.35
ggcgctcacata,0.35
gcgctcacataa,0.35
cgctcacataag,0.266666666666667
gctcacataagc,0.25
ctcacataagct,0.25
tcacataagctg,0.25
cacataagctga,0.25
acataagctgat,0.25
cataagctgatt,0.25
ataagctgattg,0.25
taagctgattgg,0.25
aagctgattgga,0.25
agctgattggat,0.25
gctgattggatt,0.166666666666667
ctgattggattc,0.2
tgattggattcc,0.2
gattggattccg,0.2
attggattccgt,0.2
ttggattccgtc,0.2
tggattccgtcc,0.2
ggattccgtcca,0.25
gattccgtccaa,0.25
attccgtccaat,0.25
ttccgtccaatg,0.25
tccgtccaatgt,0.25
ccgtccaatgtc,0.25
cgtccaatgtca,0.25
gtccaatgtcag,0.266666666666667
tccaatgtcagt,0.266666666666667
ccaatgtcagtc,0.266666666666667
caatgtcagtcc,0.266666666666667
aatgtcagtccg,0.266666666666667
atgtcagtccgg,0.266666666666667
tgtcagtccggc,0.266666666666667
gtcagtccggca,0.35
tcagtccggcaa,0.35
cagtccggcaat,0.366666666666667
agtccggcaatg,0.366666666666667
gtccggcaatgt,0.383333333333333
tccggcaatgtg,0.383333333333333
ccggcaatgtga,0.383333333333333
cggcaatgtgag,0.3
ggcaatgtgagt,0.283333333333333
gcaatgtgagta,0.283333333333333
caatgtgagtat,0.2
aatgtgagtatc,0.216666666666667
atgtgagtatct,0.3
tgtgagtatctt,0.383333333333333
gtgagtatcttg,0.383333333333333
tgagtatcttgc,0.383333333333333
gagtatcttgcc,0.383333333333333
agtatcttgccg,0.383333333333333
gtatcttgccgt,0.333333333333333
tatcttgccgtg,0.333333333333333
atcttgccgtgg,0.333333333333333
tcttgccgtggt,0.333333333333333
cttgccgtggtc,0.25
ttgccgtggtca,0.25
tgccgtggtcaa,0.25
gccgtggtcaac,0.25
ccgtggtcaacg,0.2
cgtggtcaacgg,0.2
gtggtcaacgga,0.2
tggtcaacggac,0.2
ggtcaacggact,0.266666666666667
gtcaacggacta,0.266666666666667
tcaacggactat,0.283333333333333
caacggactata,0.283333333333333
aacggactatag,0.283333333333333
acggactatagt,0.283333333333333
cggactatagtc,0.283333333333333
ggactatagtca,0.283333333333333
gactatagtcac,0.283333333333333
actatagtcact,0.366666666666667
ctatagtcactc,0.45
tatagtcactcc,0.45
atagtcactccc,0.45
tagtcactccct,0.45
agtcactcccta,0.45
gtcactccctaa,0.416666666666667
tcactccctaag,0.416666666666667
cactccctaaga,0.416666666666667
actccctaagag,0.333333333333333
ctccctaagagc,0.25
tccctaagagcg,0.25
ccctaagagcga,0.25
cctaagagcgat,0.25
ctaagagcgata,0.25
taagagcgatag,0.25
aagagcgataga,0.25
agagcgatagag,0.25
gagcgatagagg,0.25
agcgatagaggg,0.25
gcgatagaggga,0.183333333333333
cgatagagggat,0.166666666666667
gatagagggatt,0.166666666666667
atagagggattg,0.166666666666667
tagagggattgt,0.166666666666667
agagggattgtg,0.166666666666667
gagggattgtga,0.166666666666667
agggattgtgat,0.166666666666667
gggattgtgata,0.166666666666667
ggattgtgataa,0.166666666666667
gattgtgataag,0.166666666666667
attgtgataagc,0.25
ttgtgataagcc,0.25
tgtgataagcca,0.333333333333333
gtgataagccag,0.416666666666667
tgataagccagc,0.5
gataagccagct,0.5
ataagccagctc,0.516666666666667
taagccagctct,0.6
aagccagctcta,0.6
agccagctctaa,0.6
gccagctctaaa,0.6
ccagctctaaaa,0.516666666666667
cagctctaaaaa,0.433333333333333
agctctaaaaat,0.35
gctctaaaaata,0.333333333333333
ctctaaaaatag,0.333333333333333
tctaaaaatagg,0.25
ctaaaaataggt,0.166666666666667
taaaaataggtt,0.166666666666667
aaaaataggttt,0.166666666666667
aaaataggtttg,0.166666666666667
aaataggtttgt,0.166666666666667
aataggtttgta,0.166666666666667
ataggtttgtag,0.166666666666667
taggtttgtagt,0.166666666666667
aggtttgtagta,0.183333333333333
ggtttgtagtat,0.183333333333333
gtttgtagtata,0.183333333333333
tttgtagtataa,0.183333333333333
ttgtagtataag,0.183333333333333
tgtagtataagg,0.183333333333333
gtagtataaggc,0.183333333333333
tagtataaggca,0.25
agtataaggcaa,0.25
gtataaggcaat,0.266666666666667
tataaggcaatg,0.266666666666667
ataaggcaatga,0.266666666666667
taaggcaatgaa,0.266666666666667
aaggcaatgaaa,0.266666666666667
aggcaatgaaac,0.266666666666667
ggcaatgaaacc,0.266666666666667
gcaatgaaaccc,0.266666666666667
caatgaaaccct,0.266666666666667
aatgaaaccctc,0.283333333333333
atgaaaccctct,0.366666666666667
tgaaaccctctc,0.366666666666667
gaaaccctctca,0.366666666666667
aaaccctctcac,0.366666666666667
aaccctctcaca,0.366666666666667
accctctcacat,0.35
ccctctcacatc,0.35
cctctcacatcg,0.333333333333333
ctctcacatcga,0.333333333333333
tctcacatcgag,0.283333333333333
ctcacatcgagg,0.283333333333333
tcacatcgaggt,0.283333333333333
cacatcgaggtt,0.283333333333333
acatcgaggttt,0.2
catcgaggtttt,0.2
atcgaggttttc,0.183333333333333
tcgaggttttcc,0.183333333333333
cgaggttttccg,0.183333333333333
gaggttttccgg,0.183333333333333
aggttttccggc,0.266666666666667
ggttttccggct,0.266666666666667
gttttccggctg,0.266666666666667
ttttccggctgc,0.266666666666667
tttccggctgct,0.266666666666667
ttccggctgctg,0.266666666666667
tccggctgctgg,0.266666666666667
ccggctgctggc,0.266666666666667
cggctgctggcc,0.25
ggctgctggccc,0.25
gctgctggccca,0.25
ctgctggcccat,0.25
tgctggcccatt,0.25
gctggcccatta,0.25
ctggcccattag,0.25
tggcccattaga,0.25
ggcccattagaa,0.25
gcccattagaaa,0.25
cccattagaaaa,0.25
ccattagaaaat,0.25
cattagaaaatt,0.183333333333333
attagaaaattg,0.183333333333333
ttagaaaattgt,0.183333333333333
tagaaaattgta,0.183333333333333
agaaaattgtag,0.183333333333333
gaaaattgtagg,0.166666666666667
aaaattgtaggt,0.166666666666667
aaattgtaggta,0.166666666666667
aattgtaggtat,0.166666666666667
attgtaggtatt,0.183333333333333
ttgtaggtattc,0.2
tgtaggtattct,0.283333333333333
gtaggtattctc,0.283333333333333
taggtattctcc,0.283333333333333
aggtattctcca,0.283333333333333
ggtattctccaa,0.283333333333333
gtattctccaat,0.283333333333333
tattctccaatt,0.266666666666667
attctccaattt,0.266666666666667
ttctccaatttc,0.25
tctccaatttca,0.25
ctccaatttcat,0.25
tccaatttcatg,0.25
ccaatttcatga,0.25
caatttcatgag,0.216666666666667
aatttcatgagc,0.25
atttcatgagct,0.25
tttcatgagctc,0.266666666666667
ttcatgagctca,0.266666666666667
tcatgagctcat,0.266666666666667
catgagctcatg,0.266666666666667
atgagctcatgc,0.266666666666667
tgagctcatgcc,0.266666666666667
gagctcatgcca,0.333333333333333
agctcatgccat,0.333333333333333
gctcatgccatc,0.35
ctcatgccatcc,0.35
tcatgccatcct,0.383333333333333
catgccatcctt,0.383333333333333
atgccatccttg,0.383333333333333
tgccatccttga,0.383333333333333
gccatccttgag,0.383333333333333
ccatccttgagg,0.3
catccttgaggg,0.283333333333333
atccttgaggga,0.25
tccttgagggat,0.25
ccttgagggatt,0.25
cttgagggattc,0.25
ttgagggattca,0.2
tgagggattcac,0.25
gagggattcaca,0.25
agggattcacac,0.283333333333333
gggattcacact,0.366666666666667
ggattcacactg,0.366666666666667
gattcacactgc,0.366666666666667
attcacactgcg,0.366666666666667
ttcacactgcgg,0.366666666666667
tcacactgcggt,0.366666666666667
cacactgcggtc,0.366666666666667
acactgcggtca,0.333333333333333
cactgcggtcaa,0.333333333333333
actgcggtcaac,0.25
ctgcggtcaacc,0.216666666666667
tgcggtcaacct,0.233333333333333
gcggtcaacctg,0.233333333333333
cggtcaacctgc,0.266666666666667
ggtcaacctgcc,0.266666666666667
gtcaacctgccg,0.266666666666667
tcaacctgccgg,0.266666666666667
caacctgccggc,0.35
aacctgccggca,0.433333333333333
acctgccggcaa,0.433333333333333
cctgccggcaag,0.433333333333333
ctgccggcaaga,0.433333333333333
tgccggcaagat,0.433333333333333
gccggcaagata,0.433333333333333
ccggcaagatag,0.35
cggcaagatagc,0.266666666666667
ggcaagatagcc,0.266666666666667
gcaagatagcct,0.283333333333333
caagatagccta,0.283333333333333
aagatagcctac,0.283333333333333
agatagcctaca,0.283333333333333
gatagcctacaa,0.283333333333333
atagcctacaac,0.283333333333333
tagcctacaaca,0.283333333333333
agcctacaacag,0.283333333333333
gcctacaacagg,0.283333333333333
cctacaacaggc,0.266666666666667
ctacaacaggca,0.283333333333333
tacaacaggcac,0.366666666666667
acaacaggcacc,0.366666666666667
caacaggcaccg,0.366666666666667
aacaggcaccgc,0.366666666666667
acaggcaccgcg,0.366666666666667
caggcaccgcgt,0.366666666666667
aggcaccgcgtt,0.333333333333333
ggcaccgcgttg,0.333333333333333
gcaccgcgttga,0.333333333333333
caccgcgttgaa,0.25
accgcgttgaaa,0.2
ccgcgttgaaat,0.2
cgcgttgaaatg,0.166666666666667
gcgttgaaatgg,0.166666666666667
cgttgaaatgga,0.166666666666667
gttgaaatggat,0.166666666666667
ttgaaatggatc,0.166666666666667
tgaaatggatct,0.25
gaaatggatctc,0.25
aaatggatctcc,0.25
aatggatctcct,0.266666666666667
atggatctcctt,0.283333333333333
tggatctcctta,0.283333333333333
ggatctccttag,0.283333333333333
gatctccttaga,0.283333333333333
atctccttagaa,0.283333333333333
tctccttagaat,0.283333333333333
ctccttagaata,0.283333333333333
tccttagaatat,0.25
ccttagaatatt,0.25
cttagaatattg,0.25
ttagaatattgg,0.233333333333333
tagaatattgga,0.233333333333333
agaatattggac,0.233333333333333
gaatattggact,0.266666666666667
aatattggactt,0.266666666666667
atattggacttc,0.266666666666667
tattggacttcg,0.266666666666667
attggacttcgt,0.266666666666667
ttggacttcgtg,0.266666666666667
tggacttcgtgt,0.266666666666667
ggacttcgtgtc,0.266666666666667
gacttcgtgtcc,0.25
acttcgtgtccc,0.25
cttcgtgtcccc,0.25
ttcgtgtccccc,0.183333333333333
tcgtgtccccca,0.25
cgtgtcccccaa,0.25
gtgtcccccaag,0.25
tgtcccccaaga,0.25
gtcccccaagaa,0.25
tcccccaagaac,0.3
cccccaagaacg,0.3
ccccaagaacgc,0.316666666666667
cccaagaacgca,0.316666666666667
ccaagaacgcat,0.333333333333333
caagaacgcatt,0.333333333333333
aagaacgcattg,0.316666666666667
agaacgcattga,0.316666666666667
gaacgcattgag,0.266666666666667
aacgcattgagc,0.266666666666667
acgcattgagct,0.266666666666667
cgcattgagcta,0.266666666666667
gcattgagctat,0.266666666666667
cattgagctatt,0.266666666666667
attgagctatta,0.266666666666667
ttgagctattac,0.266666666666667
tgagctattaca,0.266666666666667
gagctattacat,0.266666666666667
agctattacatc,0.266666666666667
gctattacatct,0.333333333333333
ctattacatctt,0.366666666666667
tattacatcttc,0.366666666666667
attacatcttct,0.366666666666667
ttacatcttctg,0.366666666666667
tacatcttctgg,0.366666666666667
acatcttctggc,0.366666666666667
catcttctggct,0.366666666666667
atcttctggctc,0.333333333333333
tcttctggctca,0.333333333333333
cttctggctcag,0.283333333333333
ttctggctcagg,0.283333333333333
tctggctcaggg,0.283333333333333
ctggctcagggt,0.283333333333333
tggctcagggtc,0.283333333333333
ggctcagggtca,0.283333333333333
gctcagggtcat,0.283333333333333
ctcagggtcatt,0.25
tcagggtcatta,0.25
cagggtcattaa,0.25
agggtcattaat,0.2
gggtcattaata,0.2
ggtcattaatac,0.2
gtcattaatact,0.25
tcattaatactc,0.333333333333333
cattaatactcc,0.333333333333333
attaatactccc,0.333333333333333
ttaatactccca,0.333333333333333
taatactcccaa,0.333333333333333
aatactcccaat,0.333333333333333
atactcccaatc,0.333333333333333
tactcccaatcc,0.333333333333333
actcccaatcct,0.333333333333333
ctcccaatcctg,0.283333333333333
tcccaatcctgc,0.283333333333333
cccaatcctgcg,0.283333333333333
ccaatcctgcgc,0.283333333333333
caatcctgcgct,0.366666666666667
aatcctgcgcta,0.366666666666667
atcctgcgctac,0.366666666666667
tcctgcgctacg,0.366666666666667
cctgcgctacgt,0.366666666666667
ctgcgctacgta,0.283333333333333
tgcgctacgtat,0.266666666666667
gcgctacgtata,0.266666666666667
cgctacgtatat,0.2
gctacgtatatt,0.2
ctacgtatattc,0.183333333333333
tacgtatattct,0.266666666666667
acgtatattctg,0.266666666666667
cgtatattctgc,0.266666666666667
gtatattctgcg,0.266666666666667
tatattctgcgc,0.266666666666667
atattctgcgcg,0.266666666666667
tattctgcgcga,0.266666666666667
attctgcgcgac,0.266666666666667
ttctgcgcgact,0.283333333333333
tctgcgcgactc,0.366666666666667
ctgcgcgactcc,0.366666666666667
tgcgcgactcca,0.366666666666667
gcgcgactccat,0.366666666666667
cgcgactccata,0.366666666666667
gcgactccatac,0.366666666666667
cgactccatacg,0.333333333333333
gactccatacgt,0.333333333333333
actccatacgtg,0.333333333333333
ctccatacgtgc,0.25
tccatacgtgca,0.25
ccatacgtgcac,0.333333333333333
catacgtgcact,0.416666666666667
atacgtgcactg,0.416666666666667
tacgtgcactga,0.416666666666667
acgtgcactgat,0.416666666666667
cgtgcactgatt,0.416666666666667
gtgcactgattt,0.416666666666667
tgcactgatttg,0.416666666666667
gcactgatttgt,0.416666666666667
cactgatttgtg,0.333333333333333
actgatttgtgt,0.25
ctgatttgtgta,0.166666666666667
tgatttgtgtaa,0.166666666666667
gatttgtgtaac,0.166666666666667
atttgtgtaact,0.25
tttgtgtaacta,0.25
ttgtgtaactat,0.266666666666667
tgtgtaactatc,0.266666666666667
gtgtaactatca,0.266666666666667
tgtaactatcac,0.283333333333333
gtaactatcaca,0.283333333333333
taactatcacag,0.283333333333333
aactatcacagt,0.283333333333333
actatcacagtg,0.283333333333333
ctatcacagtga,0.283333333333333
tatcacagtgat,0.266666666666667
atcacagtgata,0.266666666666667
tcacagtgatac,0.25
cacagtgatacc,0.25
acagtgataccc,0.25
cagtgataccct,0.266666666666667
agtgataccctc,0.266666666666667
gtgataccctcc,0.266666666666667
tgataccctccc,0.266666666666667
gataccctcccc,0.266666666666667
ataccctccccg,0.266666666666667
taccctccccga,0.266666666666667
accctccccgac,0.266666666666667
ccctccccgaca,0.266666666666667
cctccccgacaa,0.25
ctccccgacaac,0.25
tccccgacaact,0.25
ccccgacaactt,0.266666666666667
cccgacaacttc,0.266666666666667
ccgacaacttcg,0.25
cgacaacttcgt,0.25
gacaacttcgtc,0.25
acaacttcgtct,0.25
caacttcgtctg,0.25
aacttcgtctgg,0.25
acttcgtctggt,0.25
cttcgtctggtc,0.25
ttcgtctggtcc,0.25
tcgtctggtccc,0.25
cgtctggtcccg,0.25
gtctggtcccgt,0.25
tctggtcccgtt,0.25
ctggtcccgtta,0.183333333333333
tggtcccgttag,0.183333333333333
ggtcccgttagc,0.25
gtcccgttagct,0.25
tcccgttagctc,0.266666666666667
cccgttagctcc,0.266666666666667
ccgttagctccc,0.283333333333333
cgttagctcccc,0.283333333333333
gttagctccccc,0.283333333333333
ttagctcccccc,0.283333333333333
tagctccccccg,0.283333333333333
agctccccccga,0.283333333333333
gctccccccgaa,0.25
ctccccccgaaa,0.25
tccccccgaaaa,0.2
ccccccgaaaat,0.2
cccccgaaaatt,0.2
ccccgaaaattt,0.2
cccgaaaatttg,0.2
ccgaaaatttgc,0.166666666666667
cgaaaatttgcg,0.166666666666667
gaaaatttgcgg,0.166666666666667
aaaatttgcggg,0.166666666666667
aaatttgcggga,0.166666666666667
aatttgcgggaa,0.166666666666667
atttgcgggaac,0.216666666666667
tttgcgggaaca,0.216666666666667
ttgcgggaacac,0.266666666666667
tgcgggaacacc,0.266666666666667
gcgggaacaccg,0.266666666666667
cgggaacaccgt,0.266666666666667
gggaacaccgtt,0.3
ggaacaccgttc,0.3
gaacaccgttcc,0.3
aacaccgttccc,0.3
acaccgttccct,0.283333333333333
caccgttcccta,0.283333333333333
accgttccctac,0.2
ccgttccctact,0.25
cgttccctacta,0.25
gttccctactag,0.25
ttccctactaga,0.25
tccctactagat,0.25
ccctactagatc,0.25
cctactagatct,0.25
ctactagatctc,0.3
tactagatctct,0.383333333333333
actagatctctc,0.383333333333333
ctagatctctcc,0.383333333333333
tagatctctcct,0.366666666666667
agatctctccta,0.366666666666667
gatctctcctat,0.333333333333333
atctctcctatt,0.333333333333333
tctctcctattt,0.333333333333333
ctctcctattta,0.333333333333333
tctcctatttag,0.266666666666667
ctcctatttagt,0.266666666666667
tcctatttagtg,0.266666666666667
cctatttagtgt,0.266666666666667
ctatttagtgtg,0.266666666666667
tatttagtgtgt,0.183333333333333
atttagtgtgtg,0.166666666666667
tttagtgtgtgg,0.166666666666667
ttagtgtgtggt,0.166666666666667
tagtgtgtggta,0.166666666666667
agtgtgtggtag,0.166666666666667
gtgtgtggtagg,0.166666666666667
tgtgtggtaggt,0.166666666666667
gtgtggtaggtc,0.166666666666667
tgtggtaggtct,0.25
gtggtaggtctg,0.25
tggtaggtctgg,0.25
ggtaggtctgga,0.25
gtaggtctggag,0.25
taggtctggagg,0.25
aggtctggaggc,0.25
ggtctggaggcg,0.25
gtctggaggcgc,0.25
tctggaggcgca,0.25
ctggaggcgcaa,0.25
tggaggcgcaat,0.266666666666667
ggaggcgcaatc,0.35
gaggcgcaatcg,0.35
aggcgcaatcgg,0.35
ggcgcaatcggt,0.35
gcgcaatcggtc,0.35
cgcaatcggtca,0.35
gcaatcggtcaa,0.35
caatcggtcaaa,0.266666666666667
aatcggtcaaac,0.183333333333333
atcggtcaaact,0.25
tcggtcaaacta,0.25
cggtcaaactat,0.266666666666667
ggtcaaactata,0.266666666666667
gtcaaactataa,0.266666666666667
tcaaactataag,0.266666666666667
caaactataagc,0.266666666666667
aaactataagcg,0.266666666666667
aactataagcgc,0.266666666666667
actataagcgcc,0.266666666666667
ctataagcgccg,0.266666666666667
tataagcgccgg,0.266666666666667
ataagcgccggg,0.266666666666667
taagcgccggga,0.283333333333333
aagcgccgggag,0.283333333333333
agcgccgggagc,0.283333333333333
gcgccgggagcg,0.283333333333333
cgccgggagcgc,0.283333333333333
gccgggagcgct,0.35
ccgggagcgctg,0.35
cgggagcgctga,0.35
gggagcgctgat,0.35
ggagcgctgatg,0.35
gagcgctgatgc,0.35
agcgctgatgcg,0.35
gcgctgatgcgc,0.266666666666667
cgctgatgcgcc,0.25
gctgatgcgcca,0.333333333333333
ctgatgcgccac,0.333333333333333
tgatgcgccaca,0.366666666666667
gatgcgccacac,0.45
atgcgccacacc,0.45
tgcgccacaccc,0.466666666666667
gcgccacacccg,0.466666666666667
cgccacacccgg,0.466666666666667
gccacacccggg,0.466666666666667
ccacacccgggc,0.383333333333333
cacacccgggcg,0.3
acacccgggcgc,0.266666666666667
cacccgggcgca,0.266666666666667
acccgggcgcaa,0.25
cccgggcgcaag,0.266666666666667
ccgggcgcaagt,0.266666666666667
cgggcgcaagtg,0.266666666666667
gggcgcaagtga,0.266666666666667
ggcgcaagtgac,0.266666666666667
gcgcaagtgacc,0.266666666666667
cgcaagtgacca,0.266666666666667
gcaagtgaccac,0.266666666666667
caagtgaccact,0.35
aagtgaccacta,0.35
agtgaccactat,0.366666666666667
gtgaccactata,0.366666666666667
tgaccactataa,0.366666666666667
gaccactataaa,0.366666666666667
accactataaaa,0.366666666666667
ccactataaaaa,0.35
cactataaaaaa,0.35
actataaaaaac,0.266666666666667
ctataaaaaact,0.25
tataaaaaactc,0.333333333333333
ataaaaaactcc,0.333333333333333
taaaaaactcct,0.35
aaaaaactcctc,0.35
aaaaactcctct,0.35
aaaactcctcta,0.35
aaactcctctat,0.35
aactcctctatg,0.35
actcctctatgg,0.35
ctcctctatggt,0.333333333333333
tcctctatggta,0.333333333333333
cctctatggtac,0.333333333333333
ctctatggtacc,0.333333333333333
tctatggtacct,0.25
ctatggtaccta,0.216666666666667
tatggtacctag,0.216666666666667
atggtacctaga,0.216666666666667
tggtacctagaa,0.216666666666667
ggtacctagaaa,0.216666666666667
gtacctagaaaa,0.216666666666667
tacctagaaaac,0.216666666666667
acctagaaaacc,0.216666666666667
cctagaaaacca,0.25
ctagaaaaccag,0.333333333333333
tagaaaaccagc,0.416666666666667
agaaaaccagcc,0.416666666666667
gaaaaccagcca,0.416666666666667
aaaaccagccag,0.416666666666667
aaaccagccagg,0.416666666666667
aaccagccaggg,0.416666666666667
accagccagggg,0.416666666666667
ccagccaggggg,0.416666666666667
cagccagggggc,0.416666666666667
agccagggggca,0.416666666666667
gccagggggcat,0.416666666666667
ccagggggcata,0.333333333333333
cagggggcataa,0.25
agggggcataag,0.25
gggggcataagt,0.25
ggggcataagtt,0.25
gggcataagttt,0.25
ggcataagtttt,0.25
gcataagttttc,0.25
cataagttttca,0.233333333333333
ataagttttcag,0.25
taagttttcagc,0.333333333333333
aagttttcagcg,0.333333333333333
agttttcagcgt,0.333333333333333
gttttcagcgtt,0.333333333333333
ttttcagcgtta,0.333333333333333
tttcagcgttaa,0.333333333333333
ttcagcgttaac,0.333333333333333
tcagcgttaact,0.333333333333333
cagcgttaactg,0.333333333333333
agcgttaactga,0.25
gcgttaactgag,0.25
cgttaactgagc,0.25
gttaactgagcc,0.25
ttaactgagccg,0.25
taactgagccgt,0.25
aactgagccgtt,0.25
actgagccgttt,0.25
ctgagccgtttg,0.25
tgagccgtttgg,0.25
gagccgtttgga,0.25
agccgtttggaa,0.25
gccgtttggaat,0.25
ccgtttggaata,0.166666666666667
cgtttggaatac,0.166666666666667
gtttggaatact,0.25
tttggaatacta,0.25
ttggaatactaa,0.25
tggaatactaag,0.25
ggaatactaagc,0.25
gaatactaagct,0.25
aatactaagctg,0.25
atactaagctga,0.25
tactaagctgac,0.25
actaagctgacc,0.25
ctaagctgaccc,0.25
taagctgaccca,0.25
aagctgacccac,0.25
agctgacccact,0.333333333333333
gctgacccacta,0.333333333333333
ctgacccactaa,0.333333333333333
tgacccactaag,0.333333333333333
gacccactaaga,0.333333333333333
acccactaagaa,0.333333333333333
cccactaagaaa,0.333333333333333
ccactaagaaat,0.333333333333333
cactaagaaata,0.333333333333333
actaagaaatag,0.25
ctaagaaataga,0.2
taagaaatagaa,0.2
aagaaatagaat,0.2
agaaatagaatt,0.2
gaaatagaatta,0.2
aaatagaattag,0.2
aatagaattagt,0.2
atagaattagtt,0.2
tagaattagtta,0.2
agaattagttat,0.2
gaattagttata,0.166666666666667
aattagttatac,0.166666666666667
attagttatacg,0.166666666666667
ttagttatacgc,0.183333333333333
tagttatacgca,0.25
agttatacgcaa,0.25
gttatacgcaag,0.266666666666667
ttatacgcaagg,0.266666666666667
tatacgcaaggc,0.266666666666667
atacgcaaggca,0.3
tacgcaaggcag,0.3
acgcaaggcagt,0.316666666666667
cgcaaggcagtt,0.316666666666667
gcaaggcagttc,0.316666666666667
caaggcagttca,0.266666666666667
aaggcagttcaa,0.266666666666667
aggcagttcaac,0.266666666666667
ggcagttcaacc,0.266666666666667
gcagttcaaccc,0.266666666666667
cagttcaacccc,0.25
agttcaaccccc,0.216666666666667
gttcaacccccg,0.216666666666667
ttcaacccccgt,0.233333333333333
tcaacccccgtc,0.233333333333333
caacccccgtcc,0.233333333333333
aacccccgtcct,0.216666666666667
acccccgtccta,0.216666666666667
cccccgtcctag,0.216666666666667
ccccgtcctagt,0.216666666666667
cccgtcctagtc,0.216666666666667
ccgtcctagtcc,0.2
cgtcctagtcca,0.25
gtcctagtccaa,0.25
tcctagtccaac,0.266666666666667
cctagtccaact,0.266666666666667
ctagtccaactg,0.266666666666667
tagtccaactgg,0.266666666666667
agtccaactggc,0.266666666666667
gtccaactggca,0.266666666666667
tccaactggcaa,0.266666666666667
ccaactggcaaa,0.266666666666667
caactggcaaag,0.25
aactggcaaagg,0.25
actggcaaaggc,0.25
ctggcaaaggca,0.25
tggcaaaggcac,0.333333333333333
ggcaaaggcaca,0.333333333333333
gcaaaggcacaa,0.333333333333333
caaaggcacaac,0.333333333333333
aaaggcacaact,0.333333333333333
aaggcacaactc,0.383333333333333
aggcacaactcc,0.383333333333333
ggcacaactccc,0.383333333333333
gcacaactcccc,0.366666666666667
cacaactcccca,0.366666666666667
acaactccccac,0.333333333333333
caactccccacg,0.333333333333333
aactccccacgg,0.333333333333333
actccccacgga,0.333333333333333
ctccccacggat,0.25
tccccacggatt,0.25
ccccacggattc,0.316666666666667
cccacggattcc,0.316666666666667
ccacggattccg,0.316666666666667
cacggattccgt,0.25
acggattccgta,0.2
cggattccgtaa,0.2
ggattccgtaag,0.2
gattccgtaaga,0.183333333333333
attccgtaagat,0.183333333333333
ttccgtaagatc,0.166666666666667
tccgtaagatca,0.183333333333333
ccgtaagatcac,0.266666666666667
cgtaagatcact,0.35
gtaagatcacta,0.35
taagatcactag,0.35
aagatcactaga,0.35
agatcactagat,0.35
gatcactagata,0.35
atcactagatac,0.35
tcactagataca,0.333333333333333
cactagatacat,0.333333333333333
actagatacata,0.25
ctagatacataa,0.183333333333333
tagatacataag,0.166666666666667
agatacataagt,0.166666666666667
gatacataagtc,0.216666666666667
atacataagtcg,0.216666666666667
tacataagtcgt,0.233333333333333
acataagtcgtc,0.233333333333333
cataagtcgtcg,0.233333333333333
ataagtcgtcgt,0.2
taagtcgtcgtc,0.2
aagtcgtcgtca,0.2
agtcgtcgtcag,0.266666666666667
gtcgtcgtcaga,0.266666666666667
tcgtcgtcagat,0.266666666666667
cgtcgtcagatg,0.266666666666667
gtcgtcagatgt,0.266666666666667
tcgtcagatgtg,0.266666666666667
cgtcagatgtgt,0.266666666666667
gtcagatgtgtt,0.266666666666667
tcagatgtgtta,0.25
cagatgtgttac,0.25
agatgtgttact,0.25
gatgtgttactt,0.25
atgtgttacttc,0.25
tgtgttacttca,0.25
gtgttacttcat,0.25
tgttacttcatg,0.25
gttacttcatgc,0.25
ttacttcatgca,0.283333333333333
tacttcatgcaa,0.283333333333333
acttcatgcaaa,0.283333333333333
cttcatgcaaaa,0.283333333333333
ttcatgcaaaat,0.283333333333333
tcatgcaaaatc,0.283333333333333
catgcaaaatcc,0.283333333333333
atgcaaaatccc,0.25
tgcaaaatccca,0.25
gcaaaatcccac,0.25
caaaatcccaca,0.283333333333333
aaaatcccacaa,0.283333333333333
aaatcccacaaa,0.283333333333333
aatcccacaaaa,0.283333333333333
atcccacaaaaa,0.283333333333333
tcccacaaaaaa,0.283333333333333
cccacaaaaaat,0.283333333333333
ccacaaaaaatt,0.283333333333333
cacaaaaaatta,0.25
acaaaaaattat,0.166666666666667
caaaaaattatg,0.166666666666667
aaaaaattatgc,0.166666666666667
aaaaattatgcc,0.25
aaaattatgcca,0.333333333333333
aaattatgccaa,0.333333333333333
aattatgccaaa,0.333333333333333
attatgccaaag,0.333333333333333
ttatgccaaagc,0.333333333333333
tatgccaaagcc,0.333333333333333
atgccaaagcct,0.333333333333333
tgccaaagccta,0.333333333333333
gccaaagcctac,0.333333333333333
ccaaagcctacg,0.283333333333333
caaagcctacga,0.283333333333333
aaagcctacgat,0.283333333333333
aagcctacgatt,0.283333333333333
agcctacgatta,0.283333333333333
gcctacgattac,0.25
cctacgattact,0.25
ctacgattactg,0.25
tacgattactgt,0.266666666666667
acgattactgtc,0.266666666666667
cgattactgtca,0.266666666666667
gattactgtcat,0.266666666666667
attactgtcata,0.266666666666667
ttactgtcatag,0.266666666666667
tactgtcatagg,0.266666666666667
actgtcataggt,0.266666666666667
ctgtcataggtc,0.183333333333333
tgtcataggtct,0.25
gtcataggtctc,0.283333333333333
tcataggtctcg,0.283333333333333
cataggtctcgc,0.283333333333333
ataggtctcgct,0.283333333333333
taggtctcgctt,0.283333333333333
aggtctcgcttt,0.283333333333333
ggtctcgctttt,0.283333333333333
gtctcgcttttt,0.283333333333333
tctcgctttttc,0.283333333333333
ctcgctttttcc,0.283333333333333
tcgctttttcct,0.283333333333333
cgctttttcctt,0.283333333333333
gctttttcctta,0.266666666666667
ctttttccttaa,0.266666666666667
tttttccttaat,0.25
ttttccttaatt,0.25
tttccttaattc,0.25
ttccttaattcg,0.25
tccttaattcgg,0.25
ccttaattcggt,0.25
cttaattcggta,0.25
ttaattcggtag,0.183333333333333
taattcggtagg,0.183333333333333
aattcggtaggc,0.183333333333333
attcggtaggcc,0.25
ttcggtaggcca,0.333333333333333
tcggtaggccac,0.333333333333333
cggtaggccact,0.333333333333333
ggtaggccacta,0.333333333333333
gtaggccactaa,0.333333333333333
taggccactaag,0.333333333333333
aggccactaaga,0.333333333333333
ggccactaagaa,0.333333333333333
gccactaagaac,0.333333333333333
ccactaagaacg,0.333333333333333
cactaagaacgc,0.333333333333333
actaagaacgcc,0.283333333333333
ctaagaacgcca,0.333333333333333
taagaacgccag,0.416666666666667
aagaacgccagc,0.5
agaacgccagcc,0.5
gaacgccagcca,0.5
aacgccagccag,0.5
acgccagccagc,0.5
cgccagccagca,0.583333333333333
gccagccagcac,0.666666666666667
ccagccagcact,0.75
cagccagcactc,0.833333333333333
agccagcactct,0.916666666666667
gccagcactctt,1
ccagcactctta,0.916666666666667
cagcactcttat,0.833333333333333
agcactcttata,0.75
gcactcttatag,0.666666666666667
cactcttatagc,0.583333333333333
actcttatagcg,0.5
ctcttatagcga,0.416666666666667
tcttatagcgag,0.333333333333333
cttatagcgagg,0.266666666666667
ttatagcgaggc,0.266666666666667
tatagcgaggct,0.266666666666667
atagcgaggctt,0.316666666666667
tagcgaggcttg,0.316666666666667
agcgaggcttga,0.316666666666667
gcgaggcttgaa,0.266666666666667
cgaggcttgaag,0.25
gaggcttgaagc,0.25
aggcttgaagcc,0.25
ggcttgaagccc,0.266666666666667
gcttgaagccct,0.35
cttgaagccctt,0.35
ttgaagcccttg,0.35
tgaagcccttgt,0.35
gaagcccttgtg,0.35
aagcccttgtgg,0.35
agcccttgtggg,0.35
gcccttgtgggc,0.266666666666667
cccttgtgggcc,0.266666666666667
ccttgtgggccg,0.25
cttgtgggccgt,0.25
ttgtgggccgta,0.25
tgtgggccgtag,0.25
