Subsequence,Contains
ggagcatcggaggtgatgg,0.242105263157895
gagcatcggaggtgatggg,0.189473684210526
agcatcggaggtgatgggc,0.168421052631579
gcatcggaggtgatgggca,0.168421052631579
catcggaggtgatgggcag,0.168421052631579
atcggaggtgatgggcagg,0.168421052631579
tcggaggtgatgggcaggc,0.168421052631579
cggaggtgatgggcaggcg,0.168421052631579
ggaggtgatgggcaggcgc,0.168421052631579
gaggtgatgggcaggcgct,0.168421052631579
aggtgatgggcaggcgctc,0.168421052631579
ggtgatgggcaggcgctca,0.168421052631579
gtgatgggcaggcgctcac,0.168421052631579
tgatgggcaggcgctcaca,0.168421052631579
gatgggcaggcgctcacat,0.168421052631579
atgggcaggcgctcacata,0.168421052631579
tgggcaggcgctcacataa,0.168421052631579
gggcaggcgctcacataag,0.136842105263158
ggcaggcgctcacataagc,0.136842105263158
gcaggcgctcacataagct,0.136842105263158
caggcgctcacataagctg,0.136842105263158
aggcgctcacataagctga,0.136842105263158
ggcgctcacataagctgat,0.136842105263158
gcgctcacataagctgatt,0.136842105263158
cgctcacataagctgattg,0.136842105263158
gctcacataagctgattgg,0.157894736842105
ctcacataagctgattgga,0.210526315789474
tcacataagctgattggat,0.210526315789474
cacataagctgattggatt,0.231578947368421
acataagctgattggattc,0.284210526315789
cataagctgattggattcc,0.284210526315789
ataagctgattggattccg,0.284210526315789
taagctgattggattccgt,0.336842105263158
aagctgattggattccgtc,0.336842105263158
agctgattggattccgtcc,0.368421052631579
gctgattggattccgtcca,0.368421052631579
ctgattggattccgtccaa,0.368421052631579
tgattggattccgtccaat,0.368421052631579
gattggattccgtccaatg,0.368421052631579
attggattccgtccaatgt,0.368421052631579
ttggattccgtccaatgtc,0.368421052631579
tggattccgtccaatgtca,0.368421052631579
ggattccgtccaatgtcag,0.315789473684211
gattccgtccaatgtcagt,0.263157894736842
attccgtccaatgtcagtc,0.242105263157895
ttccgtccaatgtcagtcc,0.242105263157895
tccgtccaatgtcagtccg,0.242105263157895
ccgtccaatgtcagtccgg,0.210526315789474
cgtccaatgtcagtccggc,0.210526315789474
gtccaatgtcagtccggca,0.231578947368421
tccaatgtcagtccggcaa,0.284210526315789
ccaatgtcagtccggcaat,0.284210526315789
caatgtcagtccggcaatg,0.284210526315789
aatgtcagtccggcaatgt,0.284210526315789
atgtcagtccggcaatgtg,0.284210526315789
tgtcagtccggcaatgtga,0.284210526315789
gtcagtccggcaatgtgag,0.284210526315789
tcagtccggcaatgtgagt,0.284210526315789
cagtccggcaatgtgagta,0.284210526315789
agtccggcaatgtgagtat,0.284210526315789
gtccggcaatgtgagtatc,0.284210526315789
tccggcaatgtgagtatct,0.231578947368421
ccggcaatgtgagtatctt,0.178947368421053
cggcaatgtgagtatcttg,0.221052631578947
ggcaatgtgagtatcttgc,0.221052631578947
gcaatgtgagtatcttgcc,0.242105263157895
caatgtgagtatcttgccg,0.242105263157895
aatgtgagtatcttgccgt,0.242105263157895
atgtgagtatcttgccgtg,0.242105263157895
tgtgagtatcttgccgtgg,0.242105263157895
gtgagtatcttgccgtggt,0.221052631578947
tgagtatcttgccgtggtc,0.231578947368421
gagtatcttgccgtggtca,0.231578947368421
agtatcttgccgtggtcaa,0.231578947368421
gtatcttgccgtggtcaac,0.231578947368421
tatcttgccgtggtcaacg,0.231578947368421
atcttgccgtggtcaacgg,0.231578947368421
tcttgccgtggtcaacgga,0.231578947368421
cttgccgtggtcaacggac,0.231578947368421
ttgccgtggtcaacggact,0.263157894736842
tgccgtggtcaacggacta,0.263157894736842
gccgtggtcaacggactat,0.263157894736842
ccgtggtcaacggactata,0.263157894736842
cgtggtcaacggactatag,0.263157894736842
gtggtcaacggactatagt,0.294736842105263
tggtcaacggactatagtc,0.294736842105263
ggtcaacggactatagtca,0.294736842105263
gtcaacggactatagtcac,0.294736842105263
tcaacggactatagtcact,0.294736842105263
caacggactatagtcactc,0.294736842105263
aacggactatagtcactcc,0.326315789473684
acggactatagtcactccc,0.378947368421053
cggactatagtcactccct,0.378947368421053
ggactatagtcactcccta,0.389473684210526
gactatagtcactccctaa,0.347368421052632
actatagtcactccctaag,0.294736842105263
ctatagtcactccctaaga,0.242105263157895
tatagtcactccctaagag,0.221052631578947
atagtcactccctaagagc,0.221052631578947
tagtcactccctaagagcg,0.221052631578947
agtcactccctaagagcga,0.221052631578947
gtcactccctaagagcgat,0.221052631578947
tcactccctaagagcgata,0.221052631578947
cactccctaagagcgatag,0.221052631578947
actccctaagagcgataga,0.221052631578947
ctccctaagagcgatagag,0.221052631578947
tccctaagagcgatagagg,0.221052631578947
ccctaagagcgatagaggg,0.221052631578947
cctaagagcgatagaggga,0.168421052631579
ctaagagcgatagagggat,0.157894736842105
taagagcgatagagggatt,0.178947368421053
aagagcgatagagggattg,0.178947368421053
agagcgatagagggattgt,0.2
gagcgatagagggattgtg,0.252631578947368
agcgatagagggattgtga,0.252631578947368
gcgatagagggattgtgat,0.252631578947368
cgatagagggattgtgata,0.252631578947368
gatagagggattgtgataa,0.252631578947368
atagagggattgtgataag,0.252631578947368
tagagggattgtgataagc,0.252631578947368
agagggattgtgataagcc,0.252631578947368
gagggattgtgataagcca,0.252631578947368
agggattgtgataagccag,0.252631578947368
gggattgtgataagccagc,0.252631578947368
ggattgtgataagccagct,0.252631578947368
gattgtgataagccagctc,0.2
attgtgataagccagctct,0.178947368421053
ttgtgataagccagctcta,0.178947368421053
tgtgataagccagctctaa,0.157894736842105
gtgataagccagctctaaa,0.157894736842105
tgataagccagctctaaaa,0.157894736842105
gataagccagctctaaaaa,0.157894736842105
ataagccagctctaaaaat,0.157894736842105
taagccagctctaaaaata,0.157894736842105
aagccagctctaaaaatag,0.157894736842105
agccagctctaaaaatagg,0.157894736842105
gccagctctaaaaataggt,0.157894736842105
ccagctctaaaaataggtt,0.157894736842105
cagctctaaaaataggttt,0.126315789473684
agctctaaaaataggtttg,0.126315789473684
gctctaaaaataggtttgt,0.168421052631579
ctctaaaaataggtttgta,0.168421052631579
tctaaaaataggtttgtag,0.168421052631579
ctaaaaataggtttgtagt,0.189473684210526
taaaaataggtttgtagta,0.189473684210526
aaaaataggtttgtagtat,0.189473684210526
aaaataggtttgtagtata,0.189473684210526
aaataggtttgtagtataa,0.189473684210526
aataggtttgtagtataag,0.189473684210526
ataggtttgtagtataagg,0.189473684210526
taggtttgtagtataaggc,0.189473684210526
aggtttgtagtataaggca,0.189473684210526
ggtttgtagtataaggcaa,0.189473684210526
gtttgtagtataaggcaat,0.189473684210526
tttgtagtataaggcaatg,0.189473684210526
ttgtagtataaggcaatga,0.157894736842105
tgtagtataaggcaatgaa,0.157894736842105
gtagtataaggcaatgaaa,0.157894736842105
tagtataaggcaatgaaac,0.157894736842105
agtataaggcaatgaaacc,0.157894736842105
gtataaggcaatgaaaccc,0.157894736842105
tataaggcaatgaaaccct,0.157894736842105
ataaggcaatgaaaccctc,0.168421052631579
taaggcaatgaaaccctct,0.168421052631579
aaggcaatgaaaccctctc,0.168421052631579
aggcaatgaaaccctctca,0.168421052631579
ggcaatgaaaccctctcac,0.168421052631579
gcaatgaaaccctctcaca,0.178947368421053
caatgaaaccctctcacat,0.178947368421053
aatgaaaccctctcacatc,0.178947368421053
atgaaaccctctcacatcg,0.221052631578947
tgaaaccctctcacatcga,0.221052631578947
gaaaccctctcacatcgag,0.231578947368421
aaaccctctcacatcgagg,0.231578947368421
aaccctctcacatcgaggt,0.231578947368421
accctctcacatcgaggtt,0.231578947368421
ccctctcacatcgaggttt,0.231578947368421
cctctcacatcgaggtttt,0.231578947368421
ctctcacatcgaggttttc,0.231578947368421
tctcacatcgaggttttcc,0.231578947368421
ctcacatcgaggttttccg,0.231578947368421
tcacatcgaggttttccgg,0.231578947368421
cacatcgaggttttccggc,0.231578947368421
acatcgaggttttccggct,0.231578947368421
catcgaggttttccggctg,0.178947368421053
atcgaggttttccggctgc,0.178947368421053
tcgaggttttccggctgct,0.178947368421053
cgaggttttccggctgctg,0.178947368421053
gaggttttccggctgctgg,0.178947368421053
aggttttccggctgctggc,0.178947368421053
ggttttccggctgctggcc,0.221052631578947
gttttccggctgctggccc,0.273684210526316
ttttccggctgctggccca,0.273684210526316
tttccggctgctggcccat,0.273684210526316
ttccggctgctggcccatt,0.273684210526316
tccggctgctggcccatta,0.273684210526316
ccggctgctggcccattag,0.273684210526316
cggctgctggcccattaga,0.273684210526316
ggctgctggcccattagaa,0.273684210526316
gctgctggcccattagaaa,0.252631578947368
ctgctggcccattagaaaa,0.252631578947368
tgctggcccattagaaaat,0.221052631578947
gctggcccattagaaaatt,0.221052631578947
ctggcccattagaaaattg,0.221052631578947
tggcccattagaaaattgt,0.221052631578947
ggcccattagaaaattgta,0.210526315789474
gcccattagaaaattgtag,0.210526315789474
cccattagaaaattgtagg,0.210526315789474
ccattagaaaattgtaggt,0.157894736842105
cattagaaaattgtaggta,0.157894736842105
attagaaaattgtaggtat,0.157894736842105
ttagaaaattgtaggtatt,0.157894736842105
tagaaaattgtaggtattc,0.178947368421053
agaaaattgtaggtattct,0.178947368421053
gaaaattgtaggtattctc,0.178947368421053
aaaattgtaggtattctcc,0.189473684210526
aaattgtaggtattctcca,0.242105263157895
aattgtaggtattctccaa,0.294736842105263
attgtaggtattctccaat,0.294736842105263
ttgtaggtattctccaatt,0.294736842105263
tgtaggtattctccaattt,0.294736842105263
gtaggtattctccaatttc,0.294736842105263
taggtattctccaatttca,0.294736842105263
aggtattctccaatttcat,0.294736842105263
ggtattctccaatttcatg,0.294736842105263
gtattctccaatttcatga,0.294736842105263
tattctccaatttcatgag,0.242105263157895
attctccaatttcatgagc,0.231578947368421
ttctccaatttcatgagct,0.231578947368421
tctccaatttcatgagctc,0.231578947368421
ctccaatttcatgagctca,0.231578947368421
tccaatttcatgagctcat,0.231578947368421
ccaatttcatgagctcatg,0.231578947368421
caatttcatgagctcatgc,0.231578947368421
aatttcatgagctcatgcc,0.231578947368421
atttcatgagctcatgcca,0.231578947368421
tttcatgagctcatgccat,0.221052631578947
ttcatgagctcatgccatc,0.221052631578947
tcatgagctcatgccatcc,0.221052631578947
catgagctcatgccatcct,0.221052631578947
atgagctcatgccatcctt,0.221052631578947
tgagctcatgccatccttg,0.221052631578947
gagctcatgccatccttga,0.221052631578947
agctcatgccatccttgag,0.2
gctcatgccatccttgagg,0.2
ctcatgccatccttgaggg,0.2
tcatgccatccttgaggga,0.2
catgccatccttgagggat,0.157894736842105
atgccatccttgagggatt,0.178947368421053
tgccatccttgagggattc,0.231578947368421
gccatccttgagggattca,0.231578947368421
ccatccttgagggattcac,0.231578947368421
catccttgagggattcaca,0.231578947368421
atccttgagggattcacac,0.231578947368421
tccttgagggattcacact,0.231578947368421
ccttgagggattcacactg,0.231578947368421
cttgagggattcacactgc,0.231578947368421
ttgagggattcacactgcg,0.231578947368421
tgagggattcacactgcgg,0.231578947368421
gagggattcacactgcggt,0.242105263157895
agggattcacactgcggtc,0.294736842105263
gggattcacactgcggtca,0.294736842105263
ggattcacactgcggtcaa,0.294736842105263
gattcacactgcggtcaac,0.294736842105263
attcacactgcggtcaacc,0.315789473684211
ttcacactgcggtcaacct,0.315789473684211
tcacactgcggtcaacctg,0.315789473684211
cacactgcggtcaacctgc,0.315789473684211
acactgcggtcaacctgcc,0.315789473684211
cactgcggtcaacctgccg,0.315789473684211
actgcggtcaacctgccgg,0.315789473684211
ctgcggtcaacctgccggc,0.263157894736842
tgcggtcaacctgccggca,0.210526315789474
gcggtcaacctgccggcaa,0.242105263157895
cggtcaacctgccggcaag,0.242105263157895
ggtcaacctgccggcaaga,0.242105263157895
gtcaacctgccggcaagat,0.210526315789474
tcaacctgccggcaagata,0.210526315789474
caacctgccggcaagatag,0.210526315789474
aacctgccggcaagatagc,0.210526315789474
acctgccggcaagatagcc,0.210526315789474
cctgccggcaagatagcct,0.210526315789474
ctgccggcaagatagccta,0.2
tgccggcaagatagcctac,0.2
gccggcaagatagcctaca,0.178947368421053
ccggcaagatagcctacaa,0.178947368421053
cggcaagatagcctacaac,0.178947368421053
ggcaagatagcctacaaca,0.178947368421053
gcaagatagcctacaacag,0.178947368421053
caagatagcctacaacagg,0.178947368421053
aagatagcctacaacaggc,0.178947368421053
agatagcctacaacaggca,0.178947368421053
gatagcctacaacaggcac,0.178947368421053
atagcctacaacaggcacc,0.178947368421053
tagcctacaacaggcaccg,0.178947368421053
agcctacaacaggcaccgc,0.178947368421053
gcctacaacaggcaccgcg,0.178947368421053
cctacaacaggcaccgcgt,0.2
ctacaacaggcaccgcgtt,0.2
tacaacaggcaccgcgttg,0.2
acaacaggcaccgcgttga,0.2
caacaggcaccgcgttgaa,0.2
aacaggcaccgcgttgaaa,0.2
acaggcaccgcgttgaaat,0.2
caggcaccgcgttgaaatg,0.2
aggcaccgcgttgaaatgg,0.2
ggcaccgcgttgaaatgga,0.210526315789474
gcaccgcgttgaaatggat,0.210526315789474
caccgcgttgaaatggatc,0.210526315789474
accgcgttgaaatggatct,0.231578947368421
ccgcgttgaaatggatctc,0.231578947368421
cgcgttgaaatggatctcc,0.242105263157895
gcgttgaaatggatctcct,0.242105263157895
cgttgaaatggatctcctt,0.252631578947368
gttgaaatggatctcctta,0.252631578947368
ttgaaatggatctccttag,0.252631578947368
tgaaatggatctccttaga,0.252631578947368
gaaatggatctccttagaa,0.252631578947368
aaatggatctccttagaat,0.252631578947368
aatggatctccttagaata,0.252631578947368
atggatctccttagaatat,0.252631578947368
tggatctccttagaatatt,0.252631578947368
ggatctccttagaatattg,0.2
gatctccttagaatattgg,0.168421052631579
atctccttagaatattgga,0.210526315789474
tctccttagaatattggac,0.263157894736842
ctccttagaatattggact,0.315789473684211
tccttagaatattggactt,0.368421052631579
ccttagaatattggacttc,0.421052631578947
cttagaatattggacttcg,0.473684210526316
ttagaatattggacttcgt,0.526315789473684
tagaatattggacttcgtg,0.578947368421053
agaatattggacttcgtgt,0.631578947368421
gaatattggacttcgtgtc,0.684210526315789
aatattggacttcgtgtcc,0.736842105263158
atattggacttcgtgtccc,0.789473684210526
tattggacttcgtgtcccc,0.842105263157895
attggacttcgtgtccccc,0.894736842105263
ttggacttcgtgtccccca,0.947368421052632
tggacttcgtgtcccccaa,1
ggacttcgtgtcccccaag,0.947368421052632
gacttcgtgtcccccaaga,0.894736842105263
acttcgtgtcccccaagaa,0.842105263157895
cttcgtgtcccccaagaac,0.789473684210526
ttcgtgtcccccaagaacg,0.736842105263158
tcgtgtcccccaagaacgc,0.684210526315789
cgtgtcccccaagaacgca,0.631578947368421
gtgtcccccaagaacgcat,0.578947368421053
tgtcccccaagaacgcatt,0.526315789473684
gtcccccaagaacgcattg,0.473684210526316
tcccccaagaacgcattga,0.421052631578947
cccccaagaacgcattgag,0.368421052631579
ccccaagaacgcattgagc,0.315789473684211
cccaagaacgcattgagct,0.263157894736842
ccaagaacgcattgagcta,0.210526315789474
caagaacgcattgagctat,0.157894736842105
aagaacgcattgagctatt,0.136842105263158
agaacgcattgagctatta,0.136842105263158
gaacgcattgagctattac,0.136842105263158
aacgcattgagctattaca,0.136842105263158
acgcattgagctattacat,0.136842105263158
cgcattgagctattacatc,0.168421052631579
gcattgagctattacatct,0.168421052631579
cattgagctattacatctt,0.178947368421053
attgagctattacatcttc,0.210526315789474
ttgagctattacatcttct,0.210526315789474
tgagctattacatcttctg,0.231578947368421
gagctattacatcttctgg,0.231578947368421
agctattacatcttctggc,0.242105263157895
gctattacatcttctggct,0.242105263157895
ctattacatcttctggctc,0.252631578947368
tattacatcttctggctca,0.252631578947368
attacatcttctggctcag,0.252631578947368
ttacatcttctggctcagg,0.252631578947368
tacatcttctggctcaggg,0.252631578947368
acatcttctggctcagggt,0.252631578947368
catcttctggctcagggtc,0.263157894736842
atcttctggctcagggtca,0.263157894736842
tcttctggctcagggtcat,0.263157894736842
cttctggctcagggtcatt,0.263157894736842
ttctggctcagggtcatta,0.263157894736842
tctggctcagggtcattaa,0.263157894736842
ctggctcagggtcattaat,0.263157894736842
tggctcagggtcattaata,0.263157894736842
ggctcagggtcattaatac,0.210526315789474
gctcagggtcattaatact,0.189473684210526
ctcagggtcattaatactc,0.189473684210526
tcagggtcattaatactcc,0.189473684210526
cagggtcattaatactccc,0.210526315789474
agggtcattaatactccca,0.221052631578947
gggtcattaatactcccaa,0.273684210526316
ggtcattaatactcccaat,0.273684210526316
gtcattaatactcccaatc,0.273684210526316
tcattaatactcccaatcc,0.273684210526316
cattaatactcccaatcct,0.273684210526316
attaatactcccaatcctg,0.273684210526316
ttaatactcccaatcctgc,0.273684210526316
taatactcccaatcctgcg,0.273684210526316
aatactcccaatcctgcgc,0.273684210526316
atactcccaatcctgcgct,0.273684210526316
tactcccaatcctgcgcta,0.273684210526316
actcccaatcctgcgctac,0.273684210526316
ctcccaatcctgcgctacg,0.273684210526316
tcccaatcctgcgctacgt,0.263157894736842
cccaatcctgcgctacgta,0.263157894736842
ccaatcctgcgctacgtat,0.252631578947368
caatcctgcgctacgtata,0.252631578947368
aatcctgcgctacgtatat,0.252631578947368
atcctgcgctacgtatatt,0.252631578947368
tcctgcgctacgtatattc,0.252631578947368
cctgcgctacgtatattct,0.252631578947368
ctgcgctacgtatattctg,0.252631578947368
tgcgctacgtatattctgc,0.252631578947368
gcgctacgtatattctgcg,0.231578947368421
cgctacgtatattctgcgc,0.231578947368421
gctacgtatattctgcgcg,0.231578947368421
ctacgtatattctgcgcga,0.231578947368421
tacgtatattctgcgcgac,0.189473684210526
acgtatattctgcgcgact,0.210526315789474
cgtatattctgcgcgactc,0.210526315789474
gtatattctgcgcgactcc,0.252631578947368
tatattctgcgcgactcca,0.252631578947368
atattctgcgcgactccat,0.252631578947368
tattctgcgcgactccata,0.252631578947368
attctgcgcgactccatac,0.252631578947368
ttctgcgcgactccatacg,0.252631578947368
tctgcgcgactccatacgt,0.252631578947368
ctgcgcgactccatacgtg,0.252631578947368
tgcgcgactccatacgtgc,0.231578947368421
gcgcgactccatacgtgca,0.231578947368421
cgcgactccatacgtgcac,0.231578947368421
gcgactccatacgtgcact,0.231578947368421
cgactccatacgtgcactg,0.231578947368421
gactccatacgtgcactga,0.231578947368421
actccatacgtgcactgat,0.221052631578947
ctccatacgtgcactgatt,0.221052631578947
tccatacgtgcactgattt,0.221052631578947
ccatacgtgcactgatttg,0.221052631578947
catacgtgcactgatttgt,0.221052631578947
atacgtgcactgatttgtg,0.242105263157895
tacgtgcactgatttgtgt,0.294736842105263
acgtgcactgatttgtgta,0.294736842105263
cgtgcactgatttgtgtaa,0.294736842105263
gtgcactgatttgtgtaac,0.294736842105263
tgcactgatttgtgtaact,0.294736842105263
gcactgatttgtgtaacta,0.294736842105263
cactgatttgtgtaactat,0.294736842105263
actgatttgtgtaactatc,0.294736842105263
ctgatttgtgtaactatca,0.294736842105263
tgatttgtgtaactatcac,0.294736842105263
gatttgtgtaactatcaca,0.294736842105263
atttgtgtaactatcacag,0.273684210526316
tttgtgtaactatcacagt,0.273684210526316
ttgtgtaactatcacagtg,0.231578947368421
tgtgtaactatcacagtga,0.210526315789474
gtgtaactatcacagtgat,0.210526315789474
tgtaactatcacagtgata,0.178947368421053
gtaactatcacagtgatac,0.178947368421053
taactatcacagtgatacc,0.189473684210526
aactatcacagtgataccc,0.242105263157895
actatcacagtgataccct,0.242105263157895
ctatcacagtgataccctc,0.242105263157895
tatcacagtgataccctcc,0.242105263157895
atcacagtgataccctccc,0.242105263157895
tcacagtgataccctcccc,0.263157894736842
cacagtgataccctccccg,0.263157894736842
acagtgataccctccccga,0.273684210526316
cagtgataccctccccgac,0.273684210526316
agtgataccctccccgaca,0.273684210526316
gtgataccctccccgacaa,0.273684210526316
tgataccctccccgacaac,0.273684210526316
gataccctccccgacaact,0.273684210526316
ataccctccccgacaactt,0.273684210526316
taccctccccgacaacttc,0.273684210526316
accctccccgacaacttcg,0.315789473684211
ccctccccgacaacttcgt,0.368421052631579
cctccccgacaacttcgtc,0.368421052631579
ctccccgacaacttcgtct,0.378947368421053
tccccgacaacttcgtctg,0.378947368421053
ccccgacaacttcgtctgg,0.378947368421053
cccgacaacttcgtctggt,0.378947368421053
ccgacaacttcgtctggtc,0.378947368421053
cgacaacttcgtctggtcc,0.378947368421053
gacaacttcgtctggtccc,0.378947368421053
acaacttcgtctggtcccg,0.378947368421053
caacttcgtctggtcccgt,0.378947368421053
aacttcgtctggtcccgtt,0.378947368421053
acttcgtctggtcccgtta,0.378947368421053
cttcgtctggtcccgttag,0.326315789473684
ttcgtctggtcccgttagc,0.294736842105263
tcgtctggtcccgttagct,0.294736842105263
cgtctggtcccgttagctc,0.294736842105263
gtctggtcccgttagctcc,0.284210526315789
tctggtcccgttagctccc,0.284210526315789
ctggtcccgttagctcccc,0.263157894736842
tggtcccgttagctccccc,0.315789473684211
ggtcccgttagctcccccc,0.315789473684211
gtcccgttagctccccccg,0.315789473684211
tcccgttagctccccccga,0.315789473684211
cccgttagctccccccgaa,0.315789473684211
ccgttagctccccccgaaa,0.315789473684211
cgttagctccccccgaaaa,0.315789473684211
gttagctccccccgaaaat,0.315789473684211
ttagctccccccgaaaatt,0.315789473684211
tagctccccccgaaaattt,0.315789473684211
agctccccccgaaaatttg,0.315789473684211
gctccccccgaaaatttgc,0.315789473684211
ctccccccgaaaatttgcg,0.315789473684211
tccccccgaaaatttgcgg,0.315789473684211
ccccccgaaaatttgcggg,0.284210526315789
cccccgaaaatttgcggga,0.284210526315789
ccccgaaaatttgcgggaa,0.273684210526316
cccgaaaatttgcgggaac,0.221052631578947
ccgaaaatttgcgggaaca,0.168421052631579
cgaaaatttgcgggaacac,0.157894736842105
gaaaatttgcgggaacacc,0.178947368421053
aaaatttgcgggaacaccg,0.178947368421053
aaatttgcgggaacaccgt,0.2
aatttgcgggaacaccgtt,0.2
atttgcgggaacaccgttc,0.221052631578947
tttgcgggaacaccgttcc,0.273684210526316
ttgcgggaacaccgttccc,0.326315789473684
tgcgggaacaccgttccct,0.326315789473684
gcgggaacaccgttcccta,0.326315789473684
cgggaacaccgttccctac,0.326315789473684
gggaacaccgttccctact,0.326315789473684
ggaacaccgttccctacta,0.326315789473684
gaacaccgttccctactag,0.315789473684211
aacaccgttccctactaga,0.305263157894737
acaccgttccctactagat,0.305263157894737
caccgttccctactagatc,0.284210526315789
accgttccctactagatct,0.284210526315789
ccgttccctactagatctc,0.284210526315789
cgttccctactagatctct,0.284210526315789
gttccctactagatctctc,0.231578947368421
ttccctactagatctctcc,0.210526315789474
tccctactagatctctcct,0.210526315789474
ccctactagatctctccta,0.221052631578947
cctactagatctctcctat,0.221052631578947
ctactagatctctcctatt,0.221052631578947
tactagatctctcctattt,0.221052631578947
actagatctctcctattta,0.221052631578947
ctagatctctcctatttag,0.189473684210526
tagatctctcctatttagt,0.189473684210526
agatctctcctatttagtg,0.231578947368421
gatctctcctatttagtgt,0.284210526315789
atctctcctatttagtgtg,0.284210526315789
tctctcctatttagtgtgt,0.284210526315789
ctctcctatttagtgtgtg,0.284210526315789
tctcctatttagtgtgtgg,0.284210526315789
ctcctatttagtgtgtggt,0.284210526315789
tcctatttagtgtgtggta,0.284210526315789
cctatttagtgtgtggtag,0.284210526315789
ctatttagtgtgtggtagg,0.284210526315789
tatttagtgtgtggtaggt,0.284210526315789
atttagtgtgtggtaggtc,0.284210526315789
tttagtgtgtggtaggtct,0.273684210526316
ttagtgtgtggtaggtctg,0.273684210526316
tagtgtgtggtaggtctgg,0.221052631578947
agtgtgtggtaggtctgga,0.210526315789474
gtgtgtggtaggtctggag,0.210526315789474
tgtgtggtaggtctggagg,0.210526315789474
gtgtggtaggtctggaggc,0.210526315789474
tgtggtaggtctggaggcg,0.210526315789474
gtggtaggtctggaggcgc,0.210526315789474
tggtaggtctggaggcgca,0.210526315789474
ggtaggtctggaggcgcaa,0.210526315789474
gtaggtctggaggcgcaat,0.210526315789474
taggtctggaggcgcaatc,0.210526315789474
aggtctggaggcgcaatcg,0.210526315789474
ggtctggaggcgcaatcgg,0.210526315789474
gtctggaggcgcaatcggt,0.210526315789474
tctggaggcgcaatcggtc,0.231578947368421
ctggaggcgcaatcggtca,0.231578947368421
tggaggcgcaatcggtcaa,0.231578947368421
ggaggcgcaatcggtcaaa,0.231578947368421
gaggcgcaatcggtcaaac,0.231578947368421
aggcgcaatcggtcaaact,0.231578947368421
ggcgcaatcggtcaaacta,0.231578947368421
gcgcaatcggtcaaactat,0.231578947368421
cgcaatcggtcaaactata,0.231578947368421
gcaatcggtcaaactataa,0.231578947368421
caatcggtcaaactataag,0.231578947368421
aatcggtcaaactataagc,0.231578947368421
atcggtcaaactataagcg,0.231578947368421
tcggtcaaactataagcgc,0.231578947368421
cggtcaaactataagcgcc,0.178947368421053
ggtcaaactataagcgccg,0.157894736842105
gtcaaactataagcgccgg,0.157894736842105
tcaaactataagcgccggg,0.157894736842105
caaactataagcgccggga,0.157894736842105
aaactataagcgccgggag,0.157894736842105
aactataagcgccgggagc,0.157894736842105
actataagcgccgggagcg,0.157894736842105
ctataagcgccgggagcgc,0.157894736842105
tataagcgccgggagcgct,0.157894736842105
ataagcgccgggagcgctg,0.157894736842105
taagcgccgggagcgctga,0.157894736842105
aagcgccgggagcgctgat,0.157894736842105
agcgccgggagcgctgatg,0.157894736842105
gcgccgggagcgctgatgc,0.157894736842105
cgccgggagcgctgatgcg,0.157894736842105
gccgggagcgctgatgcgc,0.157894736842105
ccgggagcgctgatgcgcc,0.168421052631579
cgggagcgctgatgcgcca,0.221052631578947
gggagcgctgatgcgccac,0.221052631578947
ggagcgctgatgcgccaca,0.221052631578947
gagcgctgatgcgccacac,0.221052631578947
agcgctgatgcgccacacc,0.221052631578947
gcgctgatgcgccacaccc,0.221052631578947
cgctgatgcgccacacccg,0.221052631578947
gctgatgcgccacacccgg,0.2
ctgatgcgccacacccggg,0.2
tgatgcgccacacccgggc,0.2
gatgcgccacacccgggcg,0.189473684210526
atgcgccacacccgggcgc,0.189473684210526
tgcgccacacccgggcgca,0.189473684210526
gcgccacacccgggcgcaa,0.168421052631579
cgccacacccgggcgcaag,0.168421052631579
gccacacccgggcgcaagt,0.168421052631579
ccacacccgggcgcaagtg,0.168421052631579
cacacccgggcgcaagtga,0.168421052631579
acacccgggcgcaagtgac,0.168421052631579
cacccgggcgcaagtgacc,0.221052631578947
acccgggcgcaagtgacca,0.221052631578947
cccgggcgcaagtgaccac,0.231578947368421
ccgggcgcaagtgaccact,0.231578947368421
cgggcgcaagtgaccacta,0.242105263157895
gggcgcaagtgaccactat,0.242105263157895
ggcgcaagtgaccactata,0.242105263157895
gcgcaagtgaccactataa,0.242105263157895
cgcaagtgaccactataaa,0.242105263157895
gcaagtgaccactataaaa,0.242105263157895
caagtgaccactataaaaa,0.242105263157895
aagtgaccactataaaaaa,0.242105263157895
agtgaccactataaaaaac,0.242105263157895
gtgaccactataaaaaact,0.242105263157895
tgaccactataaaaaactc,0.189473684210526
gaccactataaaaaactcc,0.168421052631579
accactataaaaaactcct,0.168421052631579
ccactataaaaaactcctc,0.168421052631579
cactataaaaaactcctct,0.168421052631579
actataaaaaactcctcta,0.178947368421053
ctataaaaaactcctctat,0.178947368421053
tataaaaaactcctctatg,0.178947368421053
ataaaaaactcctctatgg,0.178947368421053
taaaaaactcctctatggt,0.178947368421053
aaaaaactcctctatggta,0.178947368421053
aaaaactcctctatggtac,0.178947368421053
aaaactcctctatggtacc,0.178947368421053
aaactcctctatggtacct,0.189473684210526
aactcctctatggtaccta,0.189473684210526
actcctctatggtacctag,0.2
ctcctctatggtacctaga,0.2
tcctctatggtacctagaa,0.2
cctctatggtacctagaaa,0.2
ctctatggtacctagaaaa,0.2
tctatggtacctagaaaac,0.2
ctatggtacctagaaaacc,0.2
tatggtacctagaaaacca,0.2
atggtacctagaaaaccag,0.2
tggtacctagaaaaccagc,0.2
ggtacctagaaaaccagcc,0.168421052631579
gtacctagaaaaccagcca,0.168421052631579
tacctagaaaaccagccag,0.157894736842105
acctagaaaaccagccagg,0.157894736842105
cctagaaaaccagccaggg,0.157894736842105
ctagaaaaccagccagggg,0.157894736842105
tagaaaaccagccaggggg,0.157894736842105
agaaaaccagccagggggc,0.157894736842105
gaaaaccagccagggggca,0.157894736842105
aaaaccagccagggggcat,0.157894736842105
aaaccagccagggggcata,0.157894736842105
aaccagccagggggcataa,0.157894736842105
accagccagggggcataag,0.157894736842105
ccagccagggggcataagt,0.157894736842105
cagccagggggcataagtt,0.157894736842105
agccagggggcataagttt,0.157894736842105
gccagggggcataagtttt,0.157894736842105
ccagggggcataagttttc,0.157894736842105
cagggggcataagttttca,0.157894736842105
agggggcataagttttcag,0.157894736842105
gggggcataagttttcagc,0.157894736842105
ggggcataagttttcagcg,0.157894736842105
gggcataagttttcagcgt,0.189473684210526
ggcataagttttcagcgtt,0.189473684210526
gcataagttttcagcgtta,0.189473684210526
cataagttttcagcgttaa,0.189473684210526
ataagttttcagcgttaac,0.189473684210526
taagttttcagcgttaact,0.189473684210526
aagttttcagcgttaactg,0.189473684210526
agttttcagcgttaactga,0.189473684210526
gttttcagcgttaactgag,0.189473684210526
ttttcagcgttaactgagc,0.189473684210526
tttcagcgttaactgagcc,0.189473684210526
ttcagcgttaactgagccg,0.189473684210526
tcagcgttaactgagccgt,0.157894736842105
cagcgttaactgagccgtt,0.157894736842105
agcgttaactgagccgttt,0.168421052631579
gcgttaactgagccgtttg,0.168421052631579
cgttaactgagccgtttgg,0.168421052631579
gttaactgagccgtttgga,0.210526315789474
ttaactgagccgtttggaa,0.210526315789474
taactgagccgtttggaat,0.221052631578947
aactgagccgtttggaata,0.221052631578947
actgagccgtttggaatac,0.231578947368421
ctgagccgtttggaatact,0.231578947368421
tgagccgtttggaatacta,0.231578947368421
gagccgtttggaatactaa,0.231578947368421
agccgtttggaatactaag,0.231578947368421
gccgtttggaatactaagc,0.231578947368421
ccgtttggaatactaagct,0.231578947368421
cgtttggaatactaagctg,0.231578947368421
gtttggaatactaagctga,0.231578947368421
tttggaatactaagctgac,0.231578947368421
ttggaatactaagctgacc,0.231578947368421
tggaatactaagctgaccc,0.263157894736842
ggaatactaagctgaccca,0.263157894736842
gaatactaagctgacccac,0.273684210526316
aatactaagctgacccact,0.273684210526316
atactaagctgacccacta,0.284210526315789
tactaagctgacccactaa,0.294736842105263
actaagctgacccactaag,0.294736842105263
ctaagctgacccactaaga,0.252631578947368
taagctgacccactaagaa,0.252631578947368
aagctgacccactaagaaa,0.252631578947368
agctgacccactaagaaat,0.252631578947368
gctgacccactaagaaata,0.252631578947368
ctgacccactaagaaatag,0.252631578947368
tgacccactaagaaataga,0.252631578947368
gacccactaagaaatagaa,0.210526315789474
acccactaagaaatagaat,0.210526315789474
cccactaagaaatagaatt,0.210526315789474
ccactaagaaatagaatta,0.178947368421053
cactaagaaatagaattag,0.189473684210526
actaagaaatagaattagt,0.242105263157895
ctaagaaatagaattagtt,0.242105263157895
taagaaatagaattagtta,0.242105263157895
aagaaatagaattagttat,0.242105263157895
agaaatagaattagttata,0.242105263157895
gaaatagaattagttatac,0.242105263157895
aaatagaattagttatacg,0.242105263157895
aatagaattagttatacgc,0.242105263157895
atagaattagttatacgca,0.242105263157895
tagaattagttatacgcaa,0.242105263157895
agaattagttatacgcaag,0.231578947368421
gaattagttatacgcaagg,0.231578947368421
aattagttatacgcaaggc,0.178947368421053
attagttatacgcaaggca,0.168421052631579
ttagttatacgcaaggcag,0.168421052631579
tagttatacgcaaggcagt,0.168421052631579
agttatacgcaaggcagtt,0.168421052631579
gttatacgcaaggcagttc,0.189473684210526
ttatacgcaaggcagttca,0.189473684210526
tatacgcaaggcagttcaa,0.189473684210526
atacgcaaggcagttcaac,0.189473684210526
tacgcaaggcagttcaacc,0.189473684210526
acgcaaggcagttcaaccc,0.189473684210526
cgcaaggcagttcaacccc,0.210526315789474
gcaaggcagttcaaccccc,0.263157894736842
caaggcagttcaacccccg,0.263157894736842
aaggcagttcaacccccgt,0.263157894736842
aggcagttcaacccccgtc,0.263157894736842
ggcagttcaacccccgtcc,0.263157894736842
gcagttcaacccccgtcct,0.263157894736842
cagttcaacccccgtccta,0.263157894736842
agttcaacccccgtcctag,0.263157894736842
gttcaacccccgtcctagt,0.263157894736842
ttcaacccccgtcctagtc,0.263157894736842
tcaacccccgtcctagtcc,0.263157894736842
caacccccgtcctagtcca,0.263157894736842
aacccccgtcctagtccaa,0.263157894736842
acccccgtcctagtccaac,0.263157894736842
cccccgtcctagtccaact,0.263157894736842
ccccgtcctagtccaactg,0.252631578947368
cccgtcctagtccaactgg,0.252631578947368
ccgtcctagtccaactggc,0.252631578947368
cgtcctagtccaactggca,0.252631578947368
gtcctagtccaactggcaa,0.242105263157895
tcctagtccaactggcaaa,0.242105263157895
cctagtccaactggcaaag,0.210526315789474
ctagtccaactggcaaagg,0.210526315789474
tagtccaactggcaaaggc,0.210526315789474
agtccaactggcaaaggca,0.210526315789474
gtccaactggcaaaggcac,0.210526315789474
tccaactggcaaaggcaca,0.210526315789474
ccaactggcaaaggcacaa,0.210526315789474
caactggcaaaggcacaac,0.168421052631579
aactggcaaaggcacaact,0.168421052631579
actggcaaaggcacaactc,0.168421052631579
ctggcaaaggcacaactcc,0.168421052631579
tggcaaaggcacaactccc,0.210526315789474
ggcaaaggcacaactcccc,0.263157894736842
gcaaaggcacaactcccca,0.263157894736842
caaaggcacaactccccac,0.263157894736842
aaaggcacaactccccacg,0.263157894736842
aaggcacaactccccacgg,0.263157894736842
aggcacaactccccacgga,0.263157894736842
ggcacaactccccacggat,0.263157894736842
gcacaactccccacggatt,0.263157894736842
cacaactccccacggattc,0.263157894736842
acaactccccacggattcc,0.263157894736842
caactccccacggattccg,0.263157894736842
aactccccacggattccgt,0.284210526315789
actccccacggattccgta,0.284210526315789
ctccccacggattccgtaa,0.284210526315789
tccccacggattccgtaag,0.284210526315789
ccccacggattccgtaaga,0.284210526315789
cccacggattccgtaagat,0.284210526315789
ccacggattccgtaagatc,0.284210526315789
cacggattccgtaagatca,0.284210526315789
acggattccgtaagatcac,0.284210526315789
cggattccgtaagatcact,0.284210526315789
ggattccgtaagatcacta,0.284210526315789
gattccgtaagatcactag,0.231578947368421
attccgtaagatcactaga,0.178947368421053
ttccgtaagatcactagat,0.178947368421053
tccgtaagatcactagata,0.168421052631579
ccgtaagatcactagatac,0.157894736842105
cgtaagatcactagataca,0.157894736842105
gtaagatcactagatacat,0.157894736842105
taagatcactagatacata,0.157894736842105
aagatcactagatacataa,0.157894736842105
agatcactagatacataag,0.157894736842105
gatcactagatacataagt,0.157894736842105
atcactagatacataagtc,0.157894736842105
tcactagatacataagtcg,0.157894736842105
cactagatacataagtcgt,0.210526315789474
actagatacataagtcgtc,0.210526315789474
ctagatacataagtcgtcg,0.210526315789474
tagatacataagtcgtcgt,0.231578947368421
agatacataagtcgtcgtc,0.284210526315789
gatacataagtcgtcgtca,0.284210526315789
atacataagtcgtcgtcag,0.284210526315789
tacataagtcgtcgtcaga,0.284210526315789
acataagtcgtcgtcagat,0.284210526315789
cataagtcgtcgtcagatg,0.284210526315789
ataagtcgtcgtcagatgt,0.284210526315789
taagtcgtcgtcagatgtg,0.284210526315789
aagtcgtcgtcagatgtgt,0.284210526315789
agtcgtcgtcagatgtgtt,0.284210526315789
gtcgtcgtcagatgtgtta,0.284210526315789
tcgtcgtcagatgtgttac,0.284210526315789
cgtcgtcagatgtgttact,0.231578947368421
gtcgtcagatgtgttactt,0.210526315789474
tcgtcagatgtgttacttc,0.263157894736842
cgtcagatgtgttacttca,0.263157894736842
gtcagatgtgttacttcat,0.273684210526316
tcagatgtgttacttcatg,0.326315789473684
cagatgtgttacttcatgc,0.326315789473684
agatgtgttacttcatgca,0.326315789473684
gatgtgttacttcatgcaa,0.326315789473684
atgtgttacttcatgcaaa,0.326315789473684
tgtgttacttcatgcaaaa,0.326315789473684
gtgttacttcatgcaaaat,0.326315789473684
tgttacttcatgcaaaatc,0.326315789473684
gttacttcatgcaaaatcc,0.326315789473684
ttacttcatgcaaaatccc,0.326315789473684
tacttcatgcaaaatccca,0.326315789473684
acttcatgcaaaatcccac,0.326315789473684
cttcatgcaaaatcccaca,0.273684210526316
ttcatgcaaaatcccacaa,0.326315789473684
tcatgcaaaatcccacaaa,0.326315789473684
catgcaaaatcccacaaaa,0.326315789473684
atgcaaaatcccacaaaaa,0.326315789473684
tgcaaaatcccacaaaaaa,0.326315789473684
gcaaaatcccacaaaaaat,0.326315789473684
caaaatcccacaaaaaatt,0.326315789473684
aaaatcccacaaaaaatta,0.326315789473684
aaatcccacaaaaaattat,0.326315789473684
aatcccacaaaaaattatg,0.326315789473684
atcccacaaaaaattatgc,0.326315789473684
tcccacaaaaaattatgcc,0.326315789473684
cccacaaaaaattatgcca,0.273684210526316
ccacaaaaaattatgccaa,0.221052631578947
cacaaaaaattatgccaaa,0.210526315789474
acaaaaaattatgccaaag,0.210526315789474
caaaaaattatgccaaagc,0.210526315789474
aaaaaattatgccaaagcc,0.210526315789474
aaaaattatgccaaagcct,0.210526315789474
aaaattatgccaaagccta,0.210526315789474
aaattatgccaaagcctac,0.210526315789474
aattatgccaaagcctacg,0.210526315789474
attatgccaaagcctacga,0.210526315789474
ttatgccaaagcctacgat,0.210526315789474
tatgccaaagcctacgatt,0.210526315789474
atgccaaagcctacgatta,0.210526315789474
tgccaaagcctacgattac,0.210526315789474
gccaaagcctacgattact,0.210526315789474
ccaaagcctacgattactg,0.210526315789474
caaagcctacgattactgt,0.2
aaagcctacgattactgtc,0.252631578947368
aagcctacgattactgtca,0.252631578947368
agcctacgattactgtcat,0.252631578947368
gcctacgattactgtcata,0.252631578947368
cctacgattactgtcatag,0.252631578947368
ctacgattactgtcatagg,0.252631578947368
tacgattactgtcataggt,0.252631578947368
acgattactgtcataggtc,0.252631578947368
cgattactgtcataggtct,0.252631578947368
gattactgtcataggtctc,0.252631578947368
attactgtcataggtctcg,0.231578947368421
ttactgtcataggtctcgc,0.231578947368421
tactgtcataggtctcgct,0.210526315789474
actgtcataggtctcgctt,0.210526315789474
ctgtcataggtctcgcttt,0.210526315789474
tgtcataggtctcgctttt,0.210526315789474
gtcataggtctcgcttttt,0.189473684210526
tcataggtctcgctttttc,0.189473684210526
cataggtctcgctttttcc,0.189473684210526
ataggtctcgctttttcct,0.189473684210526
taggtctcgctttttcctt,0.189473684210526
aggtctcgctttttcctta,0.189473684210526
ggtctcgctttttccttaa,0.2
gtctcgctttttccttaat,0.178947368421053
tctcgctttttccttaatt,0.168421052631579
ctcgctttttccttaattc,0.168421052631579
tcgctttttccttaattcg,0.221052631578947
cgctttttccttaattcgg,0.221052631578947
gctttttccttaattcggt,0.242105263157895
ctttttccttaattcggta,0.242105263157895
tttttccttaattcggtag,0.242105263157895
ttttccttaattcggtagg,0.242105263157895
tttccttaattcggtaggc,0.242105263157895
ttccttaattcggtaggcc,0.242105263157895
tccttaattcggtaggcca,0.273684210526316
ccttaattcggtaggccac,0.273684210526316
cttaattcggtaggccact,0.273684210526316
ttaattcggtaggccacta,0.273684210526316
taattcggtaggccactaa,0.294736842105263
aattcggtaggccactaag,0.294736842105263
attcggtaggccactaaga,0.284210526315789
ttcggtaggccactaagaa,0.284210526315789
tcggtaggccactaagaac,0.231578947368421
cggtaggccactaagaacg,0.210526315789474
ggtaggccactaagaacgc,0.210526315789474
gtaggccactaagaacgcc,0.210526315789474
taggccactaagaacgcca,0.189473684210526
aggccactaagaacgccag,0.189473684210526
ggccactaagaacgccagc,0.189473684210526
gccactaagaacgccagcc,0.178947368421053
ccactaagaacgccagcca,0.178947368421053
cactaagaacgccagccag,0.168421052631579
actaagaacgccagccagc,0.168421052631579
ctaagaacgccagccagca,0.168421052631579
taagaacgccagccagcac,0.168421052631579
aagaacgccagccagcact,0.168421052631579
agaacgccagccagcactc,0.168421052631579
gaacgccagccagcactct,0.168421052631579
aacgccagccagcactctt,0.168421052631579
acgccagccagcactctta,0.168421052631579
cgccagccagcactcttat,0.168421052631579
gccagccagcactcttata,0.168421052631579
ccagccagcactcttatag,0.168421052631579
cagccagcactcttatagc,0.168421052631579
agccagcactcttatagcg,0.168421052631579
gccagcactcttatagcga,0.168421052631579
ccagcactcttatagcgag,0.168421052631579
cagcactcttatagcgagg,0.168421052631579
agcactcttatagcgaggc,0.168421052631579
gcactcttatagcgaggct,0.168421052631579
cactcttatagcgaggctt,0.178947368421053
actcttatagcgaggcttg,0.178947368421053
ctcttatagcgaggcttga,0.178947368421053
tcttatagcgaggcttgaa,0.178947368421053
cttatagcgaggcttgaag,0.178947368421053
ttatagcgaggcttgaagc,0.178947368421053
tatagcgaggcttgaagcc,0.178947368421053
atagcgaggcttgaagccc,0.178947368421053
tagcgaggcttgaagccct,0.178947368421053
agcgaggcttgaagccctt,0.178947368421053
gcgaggcttgaagcccttg,0.178947368421053
cgaggcttgaagcccttgt,0.178947368421053
gaggcttgaagcccttgtg,0.231578947368421
aggcttgaagcccttgtgg,0.231578947368421
ggcttgaagcccttgtggg,0.231578947368421
gcttgaagcccttgtgggc,0.231578947368421
cttgaagcccttgtgggcc,0.252631578947368
ttgaagcccttgtgggccg,0.252631578947368
tgaagcccttgtgggccgt,0.252631578947368
gaagcccttgtgggccgta,0.252631578947368
aagcccttgtgggccgtag,0.252631578947368
