Subsequence,Contains
ggagcatcggaggtg,0.36
gagcatcggaggtga,0.293333333333333
agcatcggaggtgat,0.226666666666667
gcatcggaggtgatg,0.213333333333333
catcggaggtgatgg,0.213333333333333
atcggaggtgatggg,0.2
tcggaggtgatgggc,0.2
cggaggtgatgggca,0.213333333333333
ggaggtgatgggcag,0.213333333333333
gaggtgatgggcagg,0.213333333333333
aggtgatgggcaggc,0.213333333333333
ggtgatgggcaggcg,0.213333333333333
gtgatgggcaggcgc,0.213333333333333
tgatgggcaggcgct,0.213333333333333
gatgggcaggcgctc,0.213333333333333
atgggcaggcgctca,0.213333333333333
tgggcaggcgctcac,0.213333333333333
gggcaggcgctcaca,0.24
ggcaggcgctcacat,0.24
gcaggcgctcacata,0.24
caggcgctcacataa,0.24
aggcgctcacataag,0.24
ggcgctcacataagc,0.24
gcgctcacataagct,0.24
cgctcacataagctg,0.2
gctcacataagctga,0.2
ctcacataagctgat,0.2
tcacataagctgatt,0.2
cacataagctgattg,0.2
acataagctgattgg,0.2
cataagctgattgga,0.2
ataagctgattggat,0.2
taagctgattggatt,0.2
aagctgattggattc,0.2
agctgattggattcc,0.2
gctgattggattccg,0.213333333333333
ctgattggattccgt,0.213333333333333
tgattggattccgtc,0.213333333333333
gattggattccgtcc,0.213333333333333
attggattccgtcca,0.213333333333333
ttggattccgtccaa,0.213333333333333
tggattccgtccaat,0.213333333333333
ggattccgtccaatg,0.213333333333333
gattccgtccaatgt,0.213333333333333
attccgtccaatgtc,0.213333333333333
ttccgtccaatgtca,0.213333333333333
tccgtccaatgtcag,0.2
ccgtccaatgtcagt,0.2
cgtccaatgtcagtc,0.133333333333333
gtccaatgtcagtcc,0.133333333333333
tccaatgtcagtccg,0.2
ccaatgtcagtccgg,0.213333333333333
caatgtcagtccggc,0.213333333333333
aatgtcagtccggca,0.226666666666667
atgtcagtccggcaa,0.293333333333333
tgtcagtccggcaat,0.293333333333333
gtcagtccggcaatg,0.293333333333333
tcagtccggcaatgt,0.293333333333333
cagtccggcaatgtg,0.293333333333333
agtccggcaatgtga,0.293333333333333
gtccggcaatgtgag,0.293333333333333
tccggcaatgtgagt,0.293333333333333
ccggcaatgtgagta,0.28
cggcaatgtgagtat,0.28
ggcaatgtgagtatc,0.213333333333333
gcaatgtgagtatct,0.173333333333333
caatgtgagtatctt,0.173333333333333
aatgtgagtatcttg,0.2
atgtgagtatcttgc,0.266666666666667
tgtgagtatcttgcc,0.266666666666667
gtgagtatcttgccg,0.28
tgagtatcttgccgt,0.28
gagtatcttgccgtg,0.28
agtatcttgccgtgg,0.28
gtatcttgccgtggt,0.28
tatcttgccgtggtc,0.28
atcttgccgtggtca,0.28
tcttgccgtggtcaa,0.28
cttgccgtggtcaac,0.28
ttgccgtggtcaacg,0.346666666666667
tgccgtggtcaacgg,0.28
gccgtggtcaacgga,0.253333333333333
ccgtggtcaacggac,0.253333333333333
cgtggtcaacggact,0.253333333333333
gtggtcaacggacta,0.213333333333333
tggtcaacggactat,0.213333333333333
ggtcaacggactata,0.213333333333333
gtcaacggactatag,0.213333333333333
tcaacggactatagt,0.213333333333333
caacggactatagtc,0.213333333333333
aacggactatagtca,0.2
acggactatagtcac,0.2
cggactatagtcact,0.2
ggactatagtcactc,0.2
gactatagtcactcc,0.213333333333333
actatagtcactccc,0.213333333333333
ctatagtcactccct,0.213333333333333
tatagtcactcccta,0.213333333333333
atagtcactccctaa,0.213333333333333
tagtcactccctaag,0.213333333333333
agtcactccctaaga,0.213333333333333
gtcactccctaagag,0.213333333333333
tcactccctaagagc,0.213333333333333
cactccctaagagcg,0.226666666666667
actccctaagagcga,0.226666666666667
ctccctaagagcgat,0.226666666666667
tccctaagagcgata,0.226666666666667
ccctaagagcgatag,0.226666666666667
cctaagagcgataga,0.226666666666667
ctaagagcgatagag,0.226666666666667
taagagcgatagagg,0.226666666666667
aagagcgatagaggg,0.226666666666667
agagcgatagaggga,0.293333333333333
gagcgatagagggat,0.293333333333333
agcgatagagggatt,0.293333333333333
gcgatagagggattg,0.293333333333333
cgatagagggattgt,0.293333333333333
gatagagggattgtg,0.293333333333333
atagagggattgtga,0.293333333333333
tagagggattgtgat,0.293333333333333
agagggattgtgata,0.28
gagggattgtgataa,0.28
agggattgtgataag,0.266666666666667
gggattgtgataagc,0.266666666666667
ggattgtgataagcc,0.24
gattgtgataagcca,0.24
attgtgataagccag,0.24
ttgtgataagccagc,0.24
tgtgataagccagct,0.173333333333333
gtgataagccagctc,0.146666666666667
tgataagccagctct,0.146666666666667
gataagccagctcta,0.146666666666667
ataagccagctctaa,0.146666666666667
taagccagctctaaa,0.146666666666667
aagccagctctaaaa,0.146666666666667
agccagctctaaaaa,0.146666666666667
gccagctctaaaaat,0.146666666666667
ccagctctaaaaata,0.146666666666667
cagctctaaaaatag,0.146666666666667
agctctaaaaatagg,0.146666666666667
gctctaaaaataggt,0.146666666666667
ctctaaaaataggtt,0.146666666666667
tctaaaaataggttt,0.2
ctaaaaataggtttg,0.266666666666667
taaaaataggtttgt,0.266666666666667
aaaaataggtttgta,0.266666666666667
aaaataggtttgtag,0.266666666666667
aaataggtttgtagt,0.266666666666667
aataggtttgtagta,0.266666666666667
ataggtttgtagtat,0.266666666666667
taggtttgtagtata,0.266666666666667
aggtttgtagtataa,0.266666666666667
ggtttgtagtataag,0.266666666666667
gtttgtagtataagg,0.266666666666667
tttgtagtataaggc,0.266666666666667
ttgtagtataaggca,0.2
tgtagtataaggcaa,0.213333333333333
gtagtataaggcaat,0.213333333333333
tagtataaggcaatg,0.213333333333333
agtataaggcaatga,0.213333333333333
gtataaggcaatgaa,0.213333333333333
tataaggcaatgaaa,0.213333333333333
ataaggcaatgaaac,0.226666666666667
taaggcaatgaaacc,0.293333333333333
aaggcaatgaaaccc,0.293333333333333
aggcaatgaaaccct,0.293333333333333
ggcaatgaaaccctc,0.293333333333333
gcaatgaaaccctct,0.293333333333333
caatgaaaccctctc,0.293333333333333
aatgaaaccctctca,0.293333333333333
atgaaaccctctcac,0.293333333333333
tgaaaccctctcaca,0.293333333333333
gaaaccctctcacat,0.293333333333333
aaaccctctcacatc,0.226666666666667
aaccctctcacatcg,0.28
accctctcacatcga,0.28
ccctctcacatcgag,0.28
cctctcacatcgagg,0.28
ctctcacatcgaggt,0.28
tctcacatcgaggtt,0.28
ctcacatcgaggttt,0.28
tcacatcgaggtttt,0.28
cacatcgaggttttc,0.28
acatcgaggttttcc,0.28
catcgaggttttccg,0.28
atcgaggttttccgg,0.346666666666667
tcgaggttttccggc,0.346666666666667
cgaggttttccggct,0.346666666666667
gaggttttccggctg,0.346666666666667
aggttttccggctgc,0.346666666666667
ggttttccggctgct,0.346666666666667
gttttccggctgctg,0.346666666666667
ttttccggctgctgg,0.346666666666667
tttccggctgctggc,0.346666666666667
ttccggctgctggcc,0.28
tccggctgctggccc,0.28
ccggctgctggccca,0.306666666666667
cggctgctggcccat,0.306666666666667
ggctgctggcccatt,0.306666666666667
gctgctggcccatta,0.306666666666667
ctgctggcccattag,0.306666666666667
tgctggcccattaga,0.306666666666667
gctggcccattagaa,0.24
ctggcccattagaaa,0.2
tggcccattagaaaa,0.213333333333333
ggcccattagaaaat,0.213333333333333
gcccattagaaaatt,0.213333333333333
cccattagaaaattg,0.213333333333333
ccattagaaaattgt,0.213333333333333
cattagaaaattgta,0.213333333333333
attagaaaattgtag,0.213333333333333
ttagaaaattgtagg,0.226666666666667
tagaaaattgtaggt,0.226666666666667
agaaaattgtaggta,0.24
gaaaattgtaggtat,0.24
aaaattgtaggtatt,0.24
aaattgtaggtattc,0.24
aattgtaggtattct,0.24
attgtaggtattctc,0.24
ttgtaggtattctcc,0.24
tgtaggtattctcca,0.173333333333333
gtaggtattctccaa,0.146666666666667
taggtattctccaat,0.146666666666667
aggtattctccaatt,0.146666666666667
ggtattctccaattt,0.2
gtattctccaatttc,0.2
tattctccaatttca,0.2
attctccaatttcat,0.2
ttctccaatttcatg,0.2
tctccaatttcatga,0.2
ctccaatttcatgag,0.2
tccaatttcatgagc,0.2
ccaatttcatgagct,0.2
caatttcatgagctc,0.213333333333333
aatttcatgagctca,0.213333333333333
atttcatgagctcat,0.213333333333333
tttcatgagctcatg,0.213333333333333
ttcatgagctcatgc,0.2
tcatgagctcatgcc,0.2
catgagctcatgcca,0.2
atgagctcatgccat,0.2
tgagctcatgccatc,0.2
gagctcatgccatcc,0.2
agctcatgccatcct,0.2
gctcatgccatcctt,0.2
ctcatgccatccttg,0.2
tcatgccatccttga,0.2
catgccatccttgag,0.213333333333333
atgccatccttgagg,0.28
tgccatccttgaggg,0.346666666666667
gccatccttgaggga,0.413333333333333
ccatccttgagggat,0.413333333333333
catccttgagggatt,0.413333333333333
atccttgagggattc,0.413333333333333
tccttgagggattca,0.413333333333333
ccttgagggattcac,0.453333333333333
cttgagggattcaca,0.453333333333333
ttgagggattcacac,0.453333333333333
tgagggattcacact,0.386666666666667
gagggattcacactg,0.32
agggattcacactgc,0.306666666666667
gggattcacactgcg,0.306666666666667
ggattcacactgcgg,0.333333333333333
gattcacactgcggt,0.333333333333333
attcacactgcggtc,0.333333333333333
ttcacactgcggtca,0.333333333333333
tcacactgcggtcaa,0.333333333333333
cacactgcggtcaac,0.373333333333333
acactgcggtcaacc,0.386666666666667
cactgcggtcaacct,0.386666666666667
actgcggtcaacctg,0.386666666666667
ctgcggtcaacctgc,0.386666666666667
tgcggtcaacctgcc,0.386666666666667
gcggtcaacctgccg,0.32
cggtcaacctgccgg,0.28
ggtcaacctgccggc,0.28
gtcaacctgccggca,0.293333333333333
tcaacctgccggcaa,0.306666666666667
caacctgccggcaag,0.306666666666667
aacctgccggcaaga,0.32
acctgccggcaagat,0.32
cctgccggcaagata,0.32
ctgccggcaagatag,0.32
tgccggcaagatagc,0.32
gccggcaagatagcc,0.293333333333333
ccggcaagatagcct,0.293333333333333
cggcaagatagccta,0.293333333333333
ggcaagatagcctac,0.226666666666667
gcaagatagcctaca,0.2
caagatagcctacaa,0.2
aagatagcctacaac,0.213333333333333
agatagcctacaaca,0.266666666666667
gatagcctacaacag,0.266666666666667
atagcctacaacagg,0.266666666666667
tagcctacaacaggc,0.266666666666667
agcctacaacaggca,0.266666666666667
gcctacaacaggcac,0.266666666666667
cctacaacaggcacc,0.266666666666667
ctacaacaggcaccg,0.333333333333333
tacaacaggcaccgc,0.333333333333333
acaacaggcaccgcg,0.333333333333333
caacaggcaccgcgt,0.333333333333333
aacaggcaccgcgtt,0.333333333333333
acaggcaccgcgttg,0.333333333333333
caggcaccgcgttga,0.333333333333333
aggcaccgcgttgaa,0.333333333333333
ggcaccgcgttgaaa,0.333333333333333
gcaccgcgttgaaat,0.333333333333333
caccgcgttgaaatg,0.333333333333333
accgcgttgaaatgg,0.266666666666667
ccgcgttgaaatgga,0.24
cgcgttgaaatggat,0.24
gcgttgaaatggatc,0.24
cgttgaaatggatct,0.213333333333333
gttgaaatggatctc,0.226666666666667
ttgaaatggatctcc,0.293333333333333
tgaaatggatctcct,0.293333333333333
gaaatggatctcctt,0.293333333333333
aaatggatctcctta,0.293333333333333
aatggatctccttag,0.293333333333333
atggatctccttaga,0.293333333333333
tggatctccttagaa,0.293333333333333
ggatctccttagaat,0.293333333333333
gatctccttagaata,0.226666666666667
atctccttagaatat,0.213333333333333
tctccttagaatatt,0.213333333333333
ctccttagaatattg,0.213333333333333
tccttagaatattgg,0.213333333333333
ccttagaatattgga,0.213333333333333
cttagaatattggac,0.213333333333333
ttagaatattggact,0.213333333333333
tagaatattggactt,0.213333333333333
agaatattggacttc,0.213333333333333
gaatattggacttcg,0.213333333333333
aatattggacttcgt,0.2
atattggacttcgtg,0.2
tattggacttcgtgt,0.2
attggacttcgtgtc,0.2
ttggacttcgtgtcc,0.2
tggacttcgtgtccc,0.2
ggacttcgtgtcccc,0.2
gacttcgtgtccccc,0.213333333333333
acttcgtgtccccca,0.213333333333333
cttcgtgtcccccaa,0.213333333333333
ttcgtgtcccccaag,0.213333333333333
tcgtgtcccccaaga,0.186666666666667
cgtgtcccccaagaa,0.2
gtgtcccccaagaac,0.266666666666667
tgtcccccaagaacg,0.266666666666667
gtcccccaagaacgc,0.28
tcccccaagaacgca,0.28
cccccaagaacgcat,0.28
ccccaagaacgcatt,0.28
cccaagaacgcattg,0.28
ccaagaacgcattga,0.28
caagaacgcattgag,0.28
aagaacgcattgagc,0.28
agaacgcattgagct,0.28
gaacgcattgagcta,0.28
aacgcattgagctat,0.213333333333333
acgcattgagctatt,0.213333333333333
cgcattgagctatta,0.213333333333333
gcattgagctattac,0.213333333333333
cattgagctattaca,0.213333333333333
attgagctattacat,0.213333333333333
ttgagctattacatc,0.213333333333333
tgagctattacatct,0.213333333333333
gagctattacatctt,0.213333333333333
agctattacatcttc,0.213333333333333
gctattacatcttct,0.213333333333333
ctattacatcttctg,0.213333333333333
tattacatcttctgg,0.213333333333333
attacatcttctggc,0.213333333333333
ttacatcttctggct,0.213333333333333
tacatcttctggctc,0.213333333333333
acatcttctggctca,0.213333333333333
catcttctggctcag,0.2
atcttctggctcagg,0.2
tcttctggctcaggg,0.2
cttctggctcagggt,0.2
ttctggctcagggtc,0.2
tctggctcagggtca,0.2
ctggctcagggtcat,0.2
tggctcagggtcatt,0.2
ggctcagggtcatta,0.2
gctcagggtcattaa,0.2
ctcagggtcattaat,0.2
tcagggtcattaata,0.2
cagggtcattaatac,0.213333333333333
agggtcattaatact,0.213333333333333
gggtcattaatactc,0.213333333333333
ggtcattaatactcc,0.213333333333333
gtcattaatactccc,0.213333333333333
tcattaatactccca,0.213333333333333
cattaatactcccaa,0.213333333333333
attaatactcccaat,0.213333333333333
ttaatactcccaatc,0.213333333333333
taatactcccaatcc,0.213333333333333
aatactcccaatcct,0.213333333333333
atactcccaatcctg,0.213333333333333
tactcccaatcctgc,0.213333333333333
actcccaatcctgcg,0.266666666666667
ctcccaatcctgcgc,0.266666666666667
tcccaatcctgcgct,0.266666666666667
cccaatcctgcgcta,0.266666666666667
ccaatcctgcgctac,0.266666666666667
caatcctgcgctacg,0.266666666666667
aatcctgcgctacgt,0.266666666666667
atcctgcgctacgta,0.266666666666667
tcctgcgctacgtat,0.266666666666667
cctgcgctacgtata,0.266666666666667
ctgcgctacgtatat,0.266666666666667
tgcgctacgtatatt,0.266666666666667
gcgctacgtatattc,0.2
cgctacgtatattct,0.146666666666667
gctacgtatattctg,0.16
ctacgtatattctgc,0.226666666666667
tacgtatattctgcg,0.293333333333333
acgtatattctgcgc,0.293333333333333
cgtatattctgcgcg,0.306666666666667
gtatattctgcgcga,0.373333333333333
tatattctgcgcgac,0.373333333333333
atattctgcgcgact,0.373333333333333
tattctgcgcgactc,0.373333333333333
attctgcgcgactcc,0.413333333333333
ttctgcgcgactcca,0.413333333333333
tctgcgcgactccat,0.4
ctgcgcgactccata,0.386666666666667
tgcgcgactccatac,0.386666666666667
gcgcgactccatacg,0.32
cgcgactccatacgt,0.253333333333333
gcgactccatacgtg,0.213333333333333
cgactccatacgtgc,0.213333333333333
gactccatacgtgca,0.213333333333333
actccatacgtgcac,0.24
ctccatacgtgcact,0.24
tccatacgtgcactg,0.24
ccatacgtgcactga,0.24
catacgtgcactgat,0.24
atacgtgcactgatt,0.24
tacgtgcactgattt,0.24
acgtgcactgatttg,0.266666666666667
cgtgcactgatttgt,0.266666666666667
gtgcactgatttgtg,0.28
tgcactgatttgtgt,0.28
gcactgatttgtgta,0.28
cactgatttgtgtaa,0.28
actgatttgtgtaac,0.32
ctgatttgtgtaact,0.32
tgatttgtgtaacta,0.32
gatttgtgtaactat,0.32
atttgtgtaactatc,0.32
tttgtgtaactatca,0.32
ttgtgtaactatcac,0.253333333333333
tgtgtaactatcaca,0.213333333333333
gtgtaactatcacag,0.226666666666667
tgtaactatcacagt,0.226666666666667
gtaactatcacagtg,0.226666666666667
taactatcacagtga,0.226666666666667
aactatcacagtgat,0.226666666666667
actatcacagtgata,0.226666666666667
ctatcacagtgatac,0.226666666666667
tatcacagtgatacc,0.226666666666667
atcacagtgataccc,0.226666666666667
tcacagtgataccct,0.213333333333333
cacagtgataccctc,0.213333333333333
acagtgataccctcc,0.213333333333333
cagtgataccctccc,0.213333333333333
agtgataccctcccc,0.213333333333333
gtgataccctccccg,0.213333333333333
tgataccctccccga,0.213333333333333
gataccctccccgac,0.213333333333333
ataccctccccgaca,0.213333333333333
taccctccccgacaa,0.213333333333333
accctccccgacaac,0.226666666666667
ccctccccgacaact,0.226666666666667
cctccccgacaactt,0.226666666666667
ctccccgacaacttc,0.226666666666667
tccccgacaacttcg,0.253333333333333
ccccgacaacttcgt,0.253333333333333
cccgacaacttcgtc,0.253333333333333
ccgacaacttcgtct,0.253333333333333
cgacaacttcgtctg,0.253333333333333
gacaacttcgtctgg,0.226666666666667
acaacttcgtctggt,0.226666666666667
caacttcgtctggtc,0.226666666666667
aacttcgtctggtcc,0.226666666666667
acttcgtctggtccc,0.186666666666667
cttcgtctggtcccg,0.2
ttcgtctggtcccgt,0.2
tcgtctggtcccgtt,0.2
cgtctggtcccgtta,0.2
gtctggtcccgttag,0.2
tctggtcccgttagc,0.213333333333333
ctggtcccgttagct,0.213333333333333
tggtcccgttagctc,0.213333333333333
ggtcccgttagctcc,0.213333333333333
gtcccgttagctccc,0.213333333333333
tcccgttagctcccc,0.213333333333333
cccgttagctccccc,0.213333333333333
ccgttagctcccccc,0.213333333333333
cgttagctccccccg,0.213333333333333
gttagctccccccga,0.213333333333333
ttagctccccccgaa,0.213333333333333
tagctccccccgaaa,0.213333333333333
agctccccccgaaaa,0.213333333333333
gctccccccgaaaat,0.213333333333333
ctccccccgaaaatt,0.213333333333333
tccccccgaaaattt,0.213333333333333
ccccccgaaaatttg,0.266666666666667
cccccgaaaatttgc,0.333333333333333
ccccgaaaatttgcg,0.4
cccgaaaatttgcgg,0.466666666666667
ccgaaaatttgcggg,0.533333333333333
cgaaaatttgcggga,0.6
gaaaatttgcgggaa,0.666666666666667
aaaatttgcgggaac,0.733333333333333
aaatttgcgggaaca,0.8
aatttgcgggaacac,0.866666666666667
atttgcgggaacacc,0.933333333333333
tttgcgggaacaccg,1
ttgcgggaacaccgt,0.933333333333333
tgcgggaacaccgtt,0.866666666666667
gcgggaacaccgttc,0.8
cgggaacaccgttcc,0.733333333333333
gggaacaccgttccc,0.666666666666667
ggaacaccgttccct,0.6
gaacaccgttcccta,0.533333333333333
aacaccgttccctac,0.466666666666667
acaccgttccctact,0.4
caccgttccctacta,0.333333333333333
accgttccctactag,0.266666666666667
ccgttccctactaga,0.2
cgttccctactagat,0.146666666666667
gttccctactagatc,0.146666666666667
ttccctactagatct,0.146666666666667
tccctactagatctc,0.16
ccctactagatctct,0.16
cctactagatctctc,0.16
ctactagatctctcc,0.16
tactagatctctcct,0.16
actagatctctccta,0.16
ctagatctctcctat,0.16
tagatctctcctatt,0.16
agatctctcctattt,0.2
gatctctcctattta,0.2
atctctcctatttag,0.2
tctctcctatttagt,0.2
ctctcctatttagtg,0.2
tctcctatttagtgt,0.2
ctcctatttagtgtg,0.2
tcctatttagtgtgt,0.2
cctatttagtgtgtg,0.2
ctatttagtgtgtgg,0.226666666666667
tatttagtgtgtggt,0.226666666666667
atttagtgtgtggta,0.24
tttagtgtgtggtag,0.24
ttagtgtgtggtagg,0.24
tagtgtgtggtaggt,0.24
agtgtgtggtaggtc,0.24
gtgtgtggtaggtct,0.24
tgtgtggtaggtctg,0.24
gtgtggtaggtctgg,0.226666666666667
tgtggtaggtctgga,0.226666666666667
gtggtaggtctggag,0.213333333333333
tggtaggtctggagg,0.213333333333333
ggtaggtctggaggc,0.213333333333333
gtaggtctggaggcg,0.213333333333333
taggtctggaggcgc,0.213333333333333
aggtctggaggcgca,0.213333333333333
ggtctggaggcgcaa,0.213333333333333
gtctggaggcgcaat,0.213333333333333
tctggaggcgcaatc,0.213333333333333
ctggaggcgcaatcg,0.213333333333333
tggaggcgcaatcgg,0.2
ggaggcgcaatcggt,0.2
gaggcgcaatcggtc,0.2
aggcgcaatcggtca,0.2
ggcgcaatcggtcaa,0.2
gcgcaatcggtcaaa,0.2
cgcaatcggtcaaac,0.24
gcaatcggtcaaact,0.24
caatcggtcaaacta,0.24
aatcggtcaaactat,0.24
atcggtcaaactata,0.24
tcggtcaaactataa,0.24
cggtcaaactataag,0.24
ggtcaaactataagc,0.2
gtcaaactataagcg,0.2
tcaaactataagcgc,0.2
caaactataagcgcc,0.2
aaactataagcgccg,0.24
aactataagcgccgg,0.24
actataagcgccggg,0.266666666666667
ctataagcgccggga,0.333333333333333
tataagcgccgggag,0.333333333333333
ataagcgccgggagc,0.346666666666667
taagcgccgggagcg,0.346666666666667
aagcgccgggagcgc,0.36
agcgccgggagcgct,0.36
gcgccgggagcgctg,0.373333333333333
cgccgggagcgctga,0.373333333333333
gccgggagcgctgat,0.373333333333333
ccgggagcgctgatg,0.373333333333333
cgggagcgctgatgc,0.373333333333333
gggagcgctgatgcg,0.306666666666667
ggagcgctgatgcgc,0.266666666666667
gagcgctgatgcgcc,0.266666666666667
agcgctgatgcgcca,0.266666666666667
gcgctgatgcgccac,0.266666666666667
cgctgatgcgccaca,0.266666666666667
gctgatgcgccacac,0.32
ctgatgcgccacacc,0.386666666666667
tgatgcgccacaccc,0.386666666666667
gatgcgccacacccg,0.386666666666667
atgcgccacacccgg,0.386666666666667
tgcgccacacccggg,0.386666666666667
gcgccacacccgggc,0.333333333333333
cgccacacccgggcg,0.333333333333333
gccacacccgggcgc,0.333333333333333
ccacacccgggcgca,0.333333333333333
cacacccgggcgcaa,0.333333333333333
acacccgggcgcaag,0.333333333333333
cacccgggcgcaagt,0.293333333333333
acccgggcgcaagtg,0.293333333333333
cccgggcgcaagtga,0.293333333333333
ccgggcgcaagtgac,0.293333333333333
cgggcgcaagtgacc,0.293333333333333
gggcgcaagtgacca,0.226666666666667
ggcgcaagtgaccac,0.293333333333333
gcgcaagtgaccact,0.293333333333333
cgcaagtgaccacta,0.293333333333333
gcaagtgaccactat,0.293333333333333
caagtgaccactata,0.293333333333333
aagtgaccactataa,0.293333333333333
agtgaccactataaa,0.293333333333333
gtgaccactataaaa,0.293333333333333
tgaccactataaaaa,0.28
gaccactataaaaaa,0.28
accactataaaaaac,0.213333333333333
ccactataaaaaact,0.213333333333333
cactataaaaaactc,0.213333333333333
actataaaaaactcc,0.28
ctataaaaaactcct,0.28
tataaaaaactcctc,0.28
ataaaaaactcctct,0.28
taaaaaactcctcta,0.28
aaaaaactcctctat,0.28
aaaaactcctctatg,0.28
aaaactcctctatgg,0.28
aaactcctctatggt,0.28
aactcctctatggta,0.28
actcctctatggtac,0.213333333333333
ctcctctatggtacc,0.213333333333333
tcctctatggtacct,0.213333333333333
cctctatggtaccta,0.213333333333333
ctctatggtacctag,0.213333333333333
tctatggtacctaga,0.213333333333333
ctatggtacctagaa,0.213333333333333
tatggtacctagaaa,0.213333333333333
atggtacctagaaaa,0.213333333333333
tggtacctagaaaac,0.28
ggtacctagaaaacc,0.346666666666667
gtacctagaaaacca,0.346666666666667
tacctagaaaaccag,0.346666666666667
acctagaaaaccagc,0.346666666666667
cctagaaaaccagcc,0.346666666666667
ctagaaaaccagcca,0.346666666666667
tagaaaaccagccag,0.346666666666667
agaaaaccagccagg,0.346666666666667
gaaaaccagccaggg,0.346666666666667
aaaaccagccagggg,0.28
aaaccagccaggggg,0.226666666666667
aaccagccagggggc,0.213333333333333
accagccagggggca,0.226666666666667
ccagccagggggcat,0.226666666666667
cagccagggggcata,0.24
agccagggggcataa,0.24
gccagggggcataag,0.24
ccagggggcataagt,0.24
cagggggcataagtt,0.24
agggggcataagttt,0.24
gggggcataagtttt,0.24
ggggcataagttttc,0.226666666666667
gggcataagttttca,0.226666666666667
ggcataagttttcag,0.226666666666667
gcataagttttcagc,0.226666666666667
cataagttttcagcg,0.226666666666667
ataagttttcagcgt,0.226666666666667
taagttttcagcgtt,0.226666666666667
aagttttcagcgtta,0.226666666666667
agttttcagcgttaa,0.226666666666667
gttttcagcgttaac,0.293333333333333
ttttcagcgttaact,0.293333333333333
tttcagcgttaactg,0.293333333333333
ttcagcgttaactga,0.293333333333333
tcagcgttaactgag,0.293333333333333
cagcgttaactgagc,0.293333333333333
agcgttaactgagcc,0.293333333333333
gcgttaactgagccg,0.293333333333333
cgttaactgagccgt,0.226666666666667
gttaactgagccgtt,0.2
ttaactgagccgttt,0.2
taactgagccgtttg,0.266666666666667
aactgagccgtttgg,0.266666666666667
actgagccgtttgga,0.266666666666667
ctgagccgtttggaa,0.266666666666667
tgagccgtttggaat,0.266666666666667
gagccgtttggaata,0.28
agccgtttggaatac,0.346666666666667
gccgtttggaatact,0.346666666666667
ccgtttggaatacta,0.346666666666667
cgtttggaatactaa,0.346666666666667
gtttggaatactaag,0.346666666666667
tttggaatactaagc,0.346666666666667
ttggaatactaagct,0.346666666666667
tggaatactaagctg,0.346666666666667
ggaatactaagctga,0.346666666666667
gaatactaagctgac,0.28
aatactaagctgacc,0.213333333333333
atactaagctgaccc,0.2
tactaagctgaccca,0.2
actaagctgacccac,0.2
ctaagctgacccact,0.2
taagctgacccacta,0.2
aagctgacccactaa,0.2
agctgacccactaag,0.2
gctgacccactaaga,0.2
ctgacccactaagaa,0.2
tgacccactaagaaa,0.2
gacccactaagaaat,0.2
acccactaagaaata,0.2
cccactaagaaatag,0.2
ccactaagaaataga,0.2
cactaagaaatagaa,0.2
actaagaaatagaat,0.2
ctaagaaatagaatt,0.2
taagaaatagaatta,0.2
aagaaatagaattag,0.2
agaaatagaattagt,0.2
gaaatagaattagtt,0.2
aaatagaattagtta,0.2
aatagaattagttat,0.2
atagaattagttata,0.2
tagaattagttatac,0.2
agaattagttatacg,0.2
gaattagttatacgc,0.2
aattagttatacgca,0.173333333333333
attagttatacgcaa,0.173333333333333
ttagttatacgcaag,0.173333333333333
tagttatacgcaagg,0.173333333333333
agttatacgcaaggc,0.173333333333333
gttatacgcaaggca,0.173333333333333
ttatacgcaaggcag,0.173333333333333
tatacgcaaggcagt,0.16
atacgcaaggcagtt,0.146666666666667
tacgcaaggcagttc,0.146666666666667
acgcaaggcagttca,0.146666666666667
cgcaaggcagttcaa,0.146666666666667
gcaaggcagttcaac,0.2
caaggcagttcaacc,0.2
aaggcagttcaaccc,0.226666666666667
aggcagttcaacccc,0.28
ggcagttcaaccccc,0.28
gcagttcaacccccg,0.28
cagttcaacccccgt,0.28
agttcaacccccgtc,0.28
gttcaacccccgtcc,0.28
ttcaacccccgtcct,0.28
tcaacccccgtccta,0.28
caacccccgtcctag,0.28
aacccccgtcctagt,0.28
acccccgtcctagtc,0.226666666666667
cccccgtcctagtcc,0.213333333333333
ccccgtcctagtcca,0.213333333333333
cccgtcctagtccaa,0.2
ccgtcctagtccaac,0.2
cgtcctagtccaact,0.2
gtcctagtccaactg,0.2
tcctagtccaactgg,0.2
cctagtccaactggc,0.2
ctagtccaactggca,0.2
tagtccaactggcaa,0.213333333333333
agtccaactggcaaa,0.213333333333333
gtccaactggcaaag,0.213333333333333
tccaactggcaaagg,0.213333333333333
ccaactggcaaaggc,0.213333333333333
caactggcaaaggca,0.213333333333333
aactggcaaaggcac,0.213333333333333
actggcaaaggcaca,0.28
ctggcaaaggcacaa,0.28
tggcaaaggcacaac,0.293333333333333
ggcaaaggcacaact,0.293333333333333
gcaaaggcacaactc,0.293333333333333
caaaggcacaactcc,0.293333333333333
aaaggcacaactccc,0.293333333333333
aaggcacaactcccc,0.293333333333333
aggcacaactcccca,0.293333333333333
ggcacaactccccac,0.293333333333333
gcacaactccccacg,0.28
cacaactccccacgg,0.28
acaactccccacgga,0.28
caactccccacggat,0.28
aactccccacggatt,0.28
actccccacggattc,0.213333333333333
ctccccacggattcc,0.213333333333333
tccccacggattccg,0.213333333333333
ccccacggattccgt,0.213333333333333
cccacggattccgta,0.213333333333333
ccacggattccgtaa,0.213333333333333
cacggattccgtaag,0.213333333333333
acggattccgtaaga,0.213333333333333
cggattccgtaagat,0.213333333333333
ggattccgtaagatc,0.213333333333333
gattccgtaagatca,0.213333333333333
attccgtaagatcac,0.28
ttccgtaagatcact,0.28
tccgtaagatcacta,0.28
ccgtaagatcactag,0.28
cgtaagatcactaga,0.28
gtaagatcactagat,0.28
taagatcactagata,0.28
aagatcactagatac,0.28
agatcactagataca,0.28
gatcactagatacat,0.28
atcactagatacata,0.226666666666667
tcactagatacataa,0.226666666666667
cactagatacataag,0.226666666666667
actagatacataagt,0.226666666666667
ctagatacataagtc,0.226666666666667
tagatacataagtcg,0.226666666666667
agatacataagtcgt,0.226666666666667
gatacataagtcgtc,0.226666666666667
atacataagtcgtcg,0.2
tacataagtcgtcgt,0.2
acataagtcgtcgtc,0.2
cataagtcgtcgtca,0.133333333333333
ataagtcgtcgtcag,0.133333333333333
taagtcgtcgtcaga,0.133333333333333
aagtcgtcgtcagat,0.133333333333333
agtcgtcgtcagatg,0.133333333333333
gtcgtcgtcagatgt,0.133333333333333
tcgtcgtcagatgtg,0.146666666666667
cgtcgtcagatgtgt,0.146666666666667
gtcgtcagatgtgtt,0.146666666666667
tcgtcagatgtgtta,0.146666666666667
cgtcagatgtgttac,0.146666666666667
gtcagatgtgttact,0.146666666666667
tcagatgtgttactt,0.146666666666667
cagatgtgttacttc,0.146666666666667
agatgtgttacttca,0.146666666666667
gatgtgttacttcat,0.146666666666667
atgtgttacttcatg,0.146666666666667
tgtgttacttcatgc,0.2
gtgttacttcatgca,0.2
tgttacttcatgcaa,0.2
gttacttcatgcaaa,0.2
ttacttcatgcaaaa,0.2
tacttcatgcaaaat,0.2
acttcatgcaaaatc,0.2
cttcatgcaaaatcc,0.2
ttcatgcaaaatccc,0.2
tcatgcaaaatccca,0.2
catgcaaaatcccac,0.2
atgcaaaatcccaca,0.2
tgcaaaatcccacaa,0.2
gcaaaatcccacaaa,0.2
caaaatcccacaaaa,0.2
aaaatcccacaaaaa,0.2
aaatcccacaaaaaa,0.2
aatcccacaaaaaat,0.2
atcccacaaaaaatt,0.2
tcccacaaaaaatta,0.2
cccacaaaaaattat,0.2
ccacaaaaaattatg,0.2
cacaaaaaattatgc,0.226666666666667
acaaaaaattatgcc,0.226666666666667
caaaaaattatgcca,0.226666666666667
aaaaaattatgccaa,0.226666666666667
aaaaattatgccaaa,0.226666666666667
aaaattatgccaaag,0.226666666666667
aaattatgccaaagc,0.226666666666667
aattatgccaaagcc,0.226666666666667
attatgccaaagcct,0.226666666666667
ttatgccaaagccta,0.226666666666667
tatgccaaagcctac,0.213333333333333
atgccaaagcctacg,0.2
tgccaaagcctacga,0.2
gccaaagcctacgat,0.16
ccaaagcctacgatt,0.16
caaagcctacgatta,0.16
aaagcctacgattac,0.16
aagcctacgattact,0.16
agcctacgattactg,0.173333333333333
gcctacgattactgt,0.173333333333333
cctacgattactgtc,0.173333333333333
ctacgattactgtca,0.173333333333333
tacgattactgtcat,0.173333333333333
acgattactgtcata,0.173333333333333
cgattactgtcatag,0.173333333333333
gattactgtcatagg,0.173333333333333
attactgtcataggt,0.16
ttactgtcataggtc,0.16
tactgtcataggtct,0.146666666666667
actgtcataggtctc,0.146666666666667
ctgtcataggtctcg,0.133333333333333
tgtcataggtctcgc,0.146666666666667
gtcataggtctcgct,0.146666666666667
tcataggtctcgctt,0.146666666666667
cataggtctcgcttt,0.2
ataggtctcgctttt,0.2
taggtctcgcttttt,0.2
aggtctcgctttttc,0.213333333333333
ggtctcgctttttcc,0.213333333333333
gtctcgctttttcct,0.213333333333333
tctcgctttttcctt,0.213333333333333
ctcgctttttcctta,0.213333333333333
tcgctttttccttaa,0.213333333333333
cgctttttccttaat,0.213333333333333
gctttttccttaatt,0.213333333333333
ctttttccttaattc,0.213333333333333
tttttccttaattcg,0.213333333333333
ttttccttaattcgg,0.226666666666667
tttccttaattcggt,0.226666666666667
ttccttaattcggta,0.24
tccttaattcggtag,0.24
ccttaattcggtagg,0.24
cttaattcggtaggc,0.24
ttaattcggtaggcc,0.24
taattcggtaggcca,0.24
aattcggtaggccac,0.24
attcggtaggccact,0.24
ttcggtaggccacta,0.24
tcggtaggccactaa,0.213333333333333
cggtaggccactaag,0.213333333333333
ggtaggccactaaga,0.2
gtaggccactaagaa,0.2
taggccactaagaac,0.266666666666667
aggccactaagaacg,0.266666666666667
ggccactaagaacgc,0.28
gccactaagaacgcc,0.346666666666667
ccactaagaacgcca,0.346666666666667
cactaagaacgccag,0.346666666666667
actaagaacgccagc,0.346666666666667
ctaagaacgccagcc,0.346666666666667
taagaacgccagcca,0.346666666666667
aagaacgccagccag,0.346666666666667
agaacgccagccagc,0.346666666666667
gaacgccagccagca,0.346666666666667
aacgccagccagcac,0.28
acgccagccagcact,0.213333333333333
cgccagccagcactc,0.213333333333333
gccagccagcactct,0.213333333333333
ccagccagcactctt,0.213333333333333
cagccagcactctta,0.213333333333333
agccagcactcttat,0.213333333333333
gccagcactcttata,0.213333333333333
ccagcactcttatag,0.213333333333333
cagcactcttatagc,0.213333333333333
agcactcttatagcg,0.213333333333333
gcactcttatagcga,0.213333333333333
cactcttatagcgag,0.226666666666667
actcttatagcgagg,0.24
ctcttatagcgaggc,0.24
tcttatagcgaggct,0.24
cttatagcgaggctt,0.24
ttatagcgaggcttg,0.24
tatagcgaggcttga,0.24
atagcgaggcttgaa,0.24
tagcgaggcttgaag,0.24
agcgaggcttgaagc,0.226666666666667
gcgaggcttgaagcc,0.226666666666667
cgaggcttgaagccc,0.253333333333333
gaggcttgaagccct,0.253333333333333
aggcttgaagccctt,0.253333333333333
ggcttgaagcccttg,0.253333333333333
gcttgaagcccttgt,0.253333333333333
cttgaagcccttgtg,0.226666666666667
ttgaagcccttgtgg,0.28
tgaagcccttgtggg,0.346666666666667
gaagcccttgtgggc,0.346666666666667
aagcccttgtgggcc,0.346666666666667
agcccttgtgggccg,0.346666666666667
gcccttgtgggccgt,0.346666666666667
cccttgtgggccgta,0.346666666666667
ccttgtgggccgtag,0.346666666666667
