Subsequence,Contains
ggagcatcggaggtgatg,0.277777777777778
gagcatcggaggtgatgg,0.277777777777778
agcatcggaggtgatggg,0.277777777777778
gcatcggaggtgatgggc,0.277777777777778
catcggaggtgatgggca,0.277777777777778
atcggaggtgatgggcag,0.277777777777778
tcggaggtgatgggcagg,0.277777777777778
cggaggtgatgggcaggc,0.277777777777778
ggaggtgatgggcaggcg,0.277777777777778
gaggtgatgggcaggcgc,0.277777777777778
aggtgatgggcaggcgct,0.277777777777778
ggtgatgggcaggcgctc,0.277777777777778
gtgatgggcaggcgctca,0.277777777777778
tgatgggcaggcgctcac,0.222222222222222
gatgggcaggcgctcaca,0.188888888888889
atgggcaggcgctcacat,0.188888888888889
tgggcaggcgctcacata,0.188888888888889
gggcaggcgctcacataa,0.188888888888889
ggcaggcgctcacataag,0.188888888888889
gcaggcgctcacataagc,0.188888888888889
caggcgctcacataagct,0.188888888888889
aggcgctcacataagctg,0.188888888888889
ggcgctcacataagctga,0.188888888888889
gcgctcacataagctgat,0.244444444444444
cgctcacataagctgatt,0.244444444444444
gctcacataagctgattg,0.244444444444444
ctcacataagctgattgg,0.244444444444444
tcacataagctgattgga,0.244444444444444
cacataagctgattggat,0.244444444444444
acataagctgattggatt,0.244444444444444
cataagctgattggattc,0.244444444444444
ataagctgattggattcc,0.244444444444444
taagctgattggattccg,0.244444444444444
aagctgattggattccgt,0.244444444444444
agctgattggattccgtc,0.3
gctgattggattccgtcc,0.355555555555556
ctgattggattccgtcca,0.355555555555556
tgattggattccgtccaa,0.355555555555556
gattggattccgtccaat,0.355555555555556
attggattccgtccaatg,0.355555555555556
ttggattccgtccaatgt,0.355555555555556
tggattccgtccaatgtc,0.355555555555556
ggattccgtccaatgtca,0.355555555555556
gattccgtccaatgtcag,0.355555555555556
attccgtccaatgtcagt,0.3
ttccgtccaatgtcagtc,0.244444444444444
tccgtccaatgtcagtcc,0.233333333333333
ccgtccaatgtcagtccg,0.233333333333333
cgtccaatgtcagtccgg,0.177777777777778
gtccaatgtcagtccggc,0.177777777777778
tccaatgtcagtccggca,0.177777777777778
ccaatgtcagtccggcaa,0.177777777777778
caatgtcagtccggcaat,0.177777777777778
aatgtcagtccggcaatg,0.177777777777778
atgtcagtccggcaatgt,0.177777777777778
tgtcagtccggcaatgtg,0.177777777777778
gtcagtccggcaatgtga,0.222222222222222
tcagtccggcaatgtgag,0.222222222222222
cagtccggcaatgtgagt,0.222222222222222
agtccggcaatgtgagta,0.244444444444444
gtccggcaatgtgagtat,0.244444444444444
tccggcaatgtgagtatc,0.255555555555556
ccggcaatgtgagtatct,0.255555555555556
cggcaatgtgagtatctt,0.266666666666667
ggcaatgtgagtatcttg,0.266666666666667
gcaatgtgagtatcttgc,0.277777777777778
caatgtgagtatcttgcc,0.333333333333333
aatgtgagtatcttgccg,0.333333333333333
atgtgagtatcttgccgt,0.333333333333333
tgtgagtatcttgccgtg,0.333333333333333
gtgagtatcttgccgtgg,0.333333333333333
tgagtatcttgccgtggt,0.277777777777778
gagtatcttgccgtggtc,0.222222222222222
agtatcttgccgtggtca,0.2
gtatcttgccgtggtcaa,0.2
tatcttgccgtggtcaac,0.2
atcttgccgtggtcaacg,0.188888888888889
tcttgccgtggtcaacgg,0.188888888888889
cttgccgtggtcaacgga,0.188888888888889
ttgccgtggtcaacggac,0.177777777777778
tgccgtggtcaacggact,0.177777777777778
gccgtggtcaacggacta,0.177777777777778
ccgtggtcaacggactat,0.177777777777778
cgtggtcaacggactata,0.177777777777778
gtggtcaacggactatag,0.177777777777778
tggtcaacggactatagt,0.177777777777778
ggtcaacggactatagtc,0.177777777777778
gtcaacggactatagtca,0.177777777777778
tcaacggactatagtcac,0.177777777777778
caacggactatagtcact,0.177777777777778
aacggactatagtcactc,0.177777777777778
acggactatagtcactcc,0.233333333333333
cggactatagtcactccc,0.288888888888889
ggactatagtcactccct,0.311111111111111
gactatagtcactcccta,0.311111111111111
actatagtcactccctaa,0.311111111111111
ctatagtcactccctaag,0.311111111111111
tatagtcactccctaaga,0.311111111111111
atagtcactccctaagag,0.311111111111111
tagtcactccctaagagc,0.311111111111111
agtcactccctaagagcg,0.311111111111111
gtcactccctaagagcga,0.288888888888889
tcactccctaagagcgat,0.288888888888889
cactccctaagagcgata,0.288888888888889
actccctaagagcgatag,0.288888888888889
ctccctaagagcgataga,0.288888888888889
tccctaagagcgatagag,0.288888888888889
ccctaagagcgatagagg,0.288888888888889
cctaagagcgatagaggg,0.288888888888889
ctaagagcgatagaggga,0.288888888888889
taagagcgatagagggat,0.288888888888889
aagagcgatagagggatt,0.288888888888889
agagcgatagagggattg,0.288888888888889
gagcgatagagggattgt,0.288888888888889
agcgatagagggattgtg,0.288888888888889
gcgatagagggattgtga,0.233333333333333
cgatagagggattgtgat,0.277777777777778
gatagagggattgtgata,0.333333333333333
atagagggattgtgataa,0.333333333333333
tagagggattgtgataag,0.333333333333333
agagggattgtgataagc,0.333333333333333
gagggattgtgataagcc,0.333333333333333
agggattgtgataagcca,0.333333333333333
gggattgtgataagccag,0.333333333333333
ggattgtgataagccagc,0.333333333333333
gattgtgataagccagct,0.333333333333333
attgtgataagccagctc,0.333333333333333
ttgtgataagccagctct,0.333333333333333
tgtgataagccagctcta,0.333333333333333
gtgataagccagctctaa,0.333333333333333
tgataagccagctctaaa,0.277777777777778
gataagccagctctaaaa,0.222222222222222
ataagccagctctaaaaa,0.166666666666667
taagccagctctaaaaat,0.166666666666667
aagccagctctaaaaata,0.166666666666667
agccagctctaaaaatag,0.166666666666667
gccagctctaaaaatagg,0.166666666666667
ccagctctaaaaataggt,0.166666666666667
cagctctaaaaataggtt,0.166666666666667
agctctaaaaataggttt,0.166666666666667
gctctaaaaataggtttg,0.166666666666667
ctctaaaaataggtttgt,0.166666666666667
tctaaaaataggtttgta,0.166666666666667
ctaaaaataggtttgtag,0.166666666666667
taaaaataggtttgtagt,0.166666666666667
aaaaataggtttgtagta,0.166666666666667
aaaataggtttgtagtat,0.188888888888889
aaataggtttgtagtata,0.244444444444444
aataggtttgtagtataa,0.244444444444444
ataggtttgtagtataag,0.244444444444444
taggtttgtagtataagg,0.244444444444444
aggtttgtagtataaggc,0.244444444444444
ggtttgtagtataaggca,0.244444444444444
gtttgtagtataaggcaa,0.244444444444444
tttgtagtataaggcaat,0.244444444444444
ttgtagtataaggcaatg,0.244444444444444
tgtagtataaggcaatga,0.244444444444444
gtagtataaggcaatgaa,0.244444444444444
tagtataaggcaatgaaa,0.244444444444444
agtataaggcaatgaaac,0.244444444444444
gtataaggcaatgaaacc,0.3
tataaggcaatgaaaccc,0.355555555555556
ataaggcaatgaaaccct,0.411111111111111
taaggcaatgaaaccctc,0.466666666666667
aaggcaatgaaaccctct,0.466666666666667
aggcaatgaaaccctctc,0.477777777777778
ggcaatgaaaccctctca,0.477777777777778
gcaatgaaaccctctcac,0.477777777777778
caatgaaaccctctcaca,0.477777777777778
aatgaaaccctctcacat,0.477777777777778
atgaaaccctctcacatc,0.466666666666667
tgaaaccctctcacatcg,0.466666666666667
gaaaccctctcacatcga,0.411111111111111
aaaccctctcacatcgag,0.355555555555556
aaccctctcacatcgagg,0.344444444444445
accctctcacatcgaggt,0.344444444444445
ccctctcacatcgaggtt,0.288888888888889
cctctcacatcgaggttt,0.233333333333333
ctctcacatcgaggtttt,0.188888888888889
tctcacatcgaggttttc,0.177777777777778
ctcacatcgaggttttcc,0.177777777777778
tcacatcgaggttttccg,0.166666666666667
cacatcgaggttttccgg,0.166666666666667
acatcgaggttttccggc,0.177777777777778
catcgaggttttccggct,0.177777777777778
atcgaggttttccggctg,0.177777777777778
tcgaggttttccggctgc,0.177777777777778
cgaggttttccggctgct,0.177777777777778
gaggttttccggctgctg,0.177777777777778
aggttttccggctgctgg,0.177777777777778
ggttttccggctgctggc,0.177777777777778
gttttccggctgctggcc,0.177777777777778
ttttccggctgctggccc,0.177777777777778
tttccggctgctggccca,0.177777777777778
ttccggctgctggcccat,0.177777777777778
tccggctgctggcccatt,0.177777777777778
ccggctgctggcccatta,0.177777777777778
cggctgctggcccattag,0.166666666666667
ggctgctggcccattaga,0.166666666666667
gctgctggcccattagaa,0.166666666666667
ctgctggcccattagaaa,0.166666666666667
tgctggcccattagaaaa,0.166666666666667
gctggcccattagaaaat,0.166666666666667
ctggcccattagaaaatt,0.166666666666667
tggcccattagaaaattg,0.166666666666667
ggcccattagaaaattgt,0.166666666666667
gcccattagaaaattgta,0.166666666666667
cccattagaaaattgtag,0.166666666666667
ccattagaaaattgtagg,0.144444444444444
cattagaaaattgtaggt,0.144444444444444
attagaaaattgtaggta,0.144444444444444
ttagaaaattgtaggtat,0.144444444444444
tagaaaattgtaggtatt,0.144444444444444
agaaaattgtaggtattc,0.144444444444444
gaaaattgtaggtattct,0.166666666666667
aaaattgtaggtattctc,0.222222222222222
aaattgtaggtattctcc,0.277777777777778
aattgtaggtattctcca,0.277777777777778
attgtaggtattctccaa,0.277777777777778
ttgtaggtattctccaat,0.277777777777778
tgtaggtattctccaatt,0.277777777777778
gtaggtattctccaattt,0.277777777777778
taggtattctccaatttc,0.255555555555556
aggtattctccaatttca,0.255555555555556
ggtattctccaatttcat,0.255555555555556
gtattctccaatttcatg,0.244444444444444
tattctccaatttcatga,0.244444444444444
attctccaatttcatgag,0.222222222222222
ttctccaatttcatgagc,0.222222222222222
tctccaatttcatgagct,0.222222222222222
ctccaatttcatgagctc,0.222222222222222
tccaatttcatgagctca,0.166666666666667
ccaatttcatgagctcat,0.166666666666667
caatttcatgagctcatg,0.166666666666667
aatttcatgagctcatgc,0.166666666666667
atttcatgagctcatgcc,0.211111111111111
tttcatgagctcatgcca,0.211111111111111
ttcatgagctcatgccat,0.222222222222222
tcatgagctcatgccatc,0.277777777777778
catgagctcatgccatcc,0.333333333333333
atgagctcatgccatcct,0.333333333333333
tgagctcatgccatcctt,0.333333333333333
gagctcatgccatccttg,0.333333333333333
agctcatgccatccttga,0.355555555555556
gctcatgccatccttgag,0.333333333333333
ctcatgccatccttgagg,0.333333333333333
tcatgccatccttgaggg,0.333333333333333
catgccatccttgaggga,0.322222222222222
atgccatccttgagggat,0.322222222222222
tgccatccttgagggatt,0.266666666666667
gccatccttgagggattc,0.255555555555556
ccatccttgagggattca,0.255555555555556
catccttgagggattcac,0.255555555555556
atccttgagggattcaca,0.255555555555556
tccttgagggattcacac,0.266666666666667
ccttgagggattcacact,0.266666666666667
cttgagggattcacactg,0.266666666666667
ttgagggattcacactgc,0.266666666666667
tgagggattcacactgcg,0.288888888888889
gagggattcacactgcgg,0.288888888888889
agggattcacactgcggt,0.288888888888889
gggattcacactgcggtc,0.233333333333333
ggattcacactgcggtca,0.222222222222222
gattcacactgcggtcaa,0.222222222222222
attcacactgcggtcaac,0.188888888888889
ttcacactgcggtcaacc,0.2
tcacactgcggtcaacct,0.2
cacactgcggtcaacctg,0.2
acactgcggtcaacctgc,0.2
cactgcggtcaacctgcc,0.244444444444444
actgcggtcaacctgccg,0.244444444444444
ctgcggtcaacctgccgg,0.255555555555556
tgcggtcaacctgccggc,0.255555555555556
gcggtcaacctgccggca,0.255555555555556
cggtcaacctgccggcaa,0.255555555555556
ggtcaacctgccggcaag,0.255555555555556
gtcaacctgccggcaaga,0.255555555555556
tcaacctgccggcaagat,0.255555555555556
caacctgccggcaagata,0.255555555555556
aacctgccggcaagatag,0.255555555555556
acctgccggcaagatagc,0.244444444444444
cctgccggcaagatagcc,0.288888888888889
ctgccggcaagatagcct,0.344444444444445
tgccggcaagatagccta,0.344444444444445
gccggcaagatagcctac,0.355555555555556
ccggcaagatagcctaca,0.355555555555556
cggcaagatagcctacaa,0.355555555555556
ggcaagatagcctacaac,0.355555555555556
gcaagatagcctacaaca,0.355555555555556
caagatagcctacaacag,0.355555555555556
aagatagcctacaacagg,0.355555555555556
agatagcctacaacaggc,0.355555555555556
gatagcctacaacaggca,0.355555555555556
atagcctacaacaggcac,0.3
tagcctacaacaggcacc,0.244444444444444
agcctacaacaggcaccg,0.188888888888889
gcctacaacaggcaccgc,0.177777777777778
cctacaacaggcaccgcg,0.188888888888889
ctacaacaggcaccgcgt,0.188888888888889
tacaacaggcaccgcgtt,0.188888888888889
acaacaggcaccgcgttg,0.188888888888889
caacaggcaccgcgttga,0.188888888888889
aacaggcaccgcgttgaa,0.188888888888889
acaggcaccgcgttgaaa,0.188888888888889
caggcaccgcgttgaaat,0.188888888888889
aggcaccgcgttgaaatg,0.188888888888889
ggcaccgcgttgaaatgg,0.188888888888889
gcaccgcgttgaaatgga,0.188888888888889
caccgcgttgaaatggat,0.188888888888889
accgcgttgaaatggatc,0.177777777777778
ccgcgttgaaatggatct,0.177777777777778
cgcgttgaaatggatctc,0.177777777777778
gcgttgaaatggatctcc,0.222222222222222
cgttgaaatggatctcct,0.244444444444444
gttgaaatggatctcctt,0.244444444444444
ttgaaatggatctcctta,0.244444444444444
tgaaatggatctccttag,0.244444444444444
gaaatggatctccttaga,0.244444444444444
aaatggatctccttagaa,0.244444444444444
aatggatctccttagaat,0.244444444444444
atggatctccttagaata,0.244444444444444
tggatctccttagaatat,0.244444444444444
ggatctccttagaatatt,0.244444444444444
gatctccttagaatattg,0.244444444444444
atctccttagaatattgg,0.222222222222222
tctccttagaatattgga,0.222222222222222
ctccttagaatattggac,0.222222222222222
tccttagaatattggact,0.166666666666667
ccttagaatattggactt,0.166666666666667
cttagaatattggacttc,0.166666666666667
ttagaatattggacttcg,0.166666666666667
tagaatattggacttcgt,0.166666666666667
agaatattggacttcgtg,0.166666666666667
gaatattggacttcgtgt,0.166666666666667
aatattggacttcgtgtc,0.166666666666667
atattggacttcgtgtcc,0.166666666666667
tattggacttcgtgtccc,0.222222222222222
attggacttcgtgtcccc,0.277777777777778
ttggacttcgtgtccccc,0.277777777777778
tggacttcgtgtccccca,0.288888888888889
ggacttcgtgtcccccaa,0.288888888888889
gacttcgtgtcccccaag,0.288888888888889
acttcgtgtcccccaaga,0.288888888888889
cttcgtgtcccccaagaa,0.288888888888889
ttcgtgtcccccaagaac,0.288888888888889
tcgtgtcccccaagaacg,0.288888888888889
cgtgtcccccaagaacgc,0.288888888888889
gtgtcccccaagaacgca,0.288888888888889
tgtcccccaagaacgcat,0.288888888888889
gtcccccaagaacgcatt,0.288888888888889
tcccccaagaacgcattg,0.288888888888889
cccccaagaacgcattga,0.233333333333333
ccccaagaacgcattgag,0.233333333333333
cccaagaacgcattgagc,0.177777777777778
ccaagaacgcattgagct,0.177777777777778
caagaacgcattgagcta,0.177777777777778
aagaacgcattgagctat,0.177777777777778
agaacgcattgagctatt,0.177777777777778
gaacgcattgagctatta,0.177777777777778
aacgcattgagctattac,0.177777777777778
acgcattgagctattaca,0.177777777777778
cgcattgagctattacat,0.177777777777778
gcattgagctattacatc,0.177777777777778
cattgagctattacatct,0.177777777777778
attgagctattacatctt,0.177777777777778
ttgagctattacatcttc,0.166666666666667
tgagctattacatcttct,0.166666666666667
gagctattacatcttctg,0.166666666666667
agctattacatcttctgg,0.166666666666667
gctattacatcttctggc,0.166666666666667
ctattacatcttctggct,0.166666666666667
tattacatcttctggctc,0.166666666666667
attacatcttctggctca,0.166666666666667
ttacatcttctggctcag,0.166666666666667
tacatcttctggctcagg,0.166666666666667
acatcttctggctcaggg,0.166666666666667
catcttctggctcagggt,0.166666666666667
atcttctggctcagggtc,0.166666666666667
tcttctggctcagggtca,0.166666666666667
cttctggctcagggtcat,0.177777777777778
ttctggctcagggtcatt,0.177777777777778
tctggctcagggtcatta,0.177777777777778
ctggctcagggtcattaa,0.177777777777778
tggctcagggtcattaat,0.177777777777778
ggctcagggtcattaata,0.188888888888889
gctcagggtcattaatac,0.244444444444444
ctcagggtcattaatact,0.244444444444444
tcagggtcattaatactc,0.255555555555556
cagggtcattaatactcc,0.266666666666667
agggtcattaatactccc,0.288888888888889
gggtcattaatactccca,0.288888888888889
ggtcattaatactcccaa,0.288888888888889
gtcattaatactcccaat,0.288888888888889
tcattaatactcccaatc,0.288888888888889
cattaatactcccaatcc,0.288888888888889
attaatactcccaatcct,0.288888888888889
ttaatactcccaatcctg,0.277777777777778
taatactcccaatcctgc,0.277777777777778
aatactcccaatcctgcg,0.277777777777778
atactcccaatcctgcgc,0.277777777777778
tactcccaatcctgcgct,0.277777777777778
actcccaatcctgcgcta,0.277777777777778
ctcccaatcctgcgctac,0.277777777777778
tcccaatcctgcgctacg,0.266666666666667
cccaatcctgcgctacgt,0.266666666666667
ccaatcctgcgctacgta,0.266666666666667
caatcctgcgctacgtat,0.266666666666667
aatcctgcgctacgtata,0.266666666666667
atcctgcgctacgtatat,0.266666666666667
tcctgcgctacgtatatt,0.255555555555556
cctgcgctacgtatattc,0.255555555555556
ctgcgctacgtatattct,0.211111111111111
tgcgctacgtatattctg,0.211111111111111
gcgctacgtatattctgc,0.222222222222222
cgctacgtatattctgcg,0.222222222222222
gctacgtatattctgcgc,0.233333333333333
ctacgtatattctgcgcg,0.288888888888889
tacgtatattctgcgcga,0.344444444444445
acgtatattctgcgcgac,0.4
cgtatattctgcgcgact,0.4
gtatattctgcgcgactc,0.4
tatattctgcgcgactcc,0.377777777777778
atattctgcgcgactcca,0.377777777777778
tattctgcgcgactccat,0.322222222222222
attctgcgcgactccata,0.3
ttctgcgcgactccatac,0.3
tctgcgcgactccatacg,0.3
ctgcgcgactccatacgt,0.3
tgcgcgactccatacgtg,0.244444444444444
gcgcgactccatacgtgc,0.233333333333333
cgcgactccatacgtgca,0.233333333333333
gcgactccatacgtgcac,0.222222222222222
cgactccatacgtgcact,0.222222222222222
gactccatacgtgcactg,0.222222222222222
actccatacgtgcactga,0.222222222222222
ctccatacgtgcactgat,0.233333333333333
tccatacgtgcactgatt,0.233333333333333
ccatacgtgcactgattt,0.233333333333333
catacgtgcactgatttg,0.233333333333333
atacgtgcactgatttgt,0.233333333333333
tacgtgcactgatttgtg,0.233333333333333
acgtgcactgatttgtgt,0.233333333333333
cgtgcactgatttgtgta,0.233333333333333
gtgcactgatttgtgtaa,0.233333333333333
tgcactgatttgtgtaac,0.233333333333333
gcactgatttgtgtaact,0.233333333333333
cactgatttgtgtaacta,0.233333333333333
actgatttgtgtaactat,0.233333333333333
ctgatttgtgtaactatc,0.222222222222222
tgatttgtgtaactatca,0.222222222222222
gatttgtgtaactatcac,0.222222222222222
atttgtgtaactatcaca,0.222222222222222
tttgtgtaactatcacag,0.233333333333333
ttgtgtaactatcacagt,0.233333333333333
tgtgtaactatcacagtg,0.233333333333333
gtgtaactatcacagtga,0.277777777777778
tgtaactatcacagtgat,0.333333333333333
gtaactatcacagtgata,0.388888888888889
taactatcacagtgatac,0.444444444444444
aactatcacagtgatacc,0.5
actatcacagtgataccc,0.555555555555556
ctatcacagtgataccct,0.611111111111111
tatcacagtgataccctc,0.666666666666667
atcacagtgataccctcc,0.722222222222222
tcacagtgataccctccc,0.777777777777778
cacagtgataccctcccc,0.833333333333333
acagtgataccctccccg,0.888888888888889
cagtgataccctccccga,0.944444444444445
agtgataccctccccgac,1
gtgataccctccccgaca,0.944444444444445
tgataccctccccgacaa,0.888888888888889
gataccctccccgacaac,0.833333333333333
ataccctccccgacaact,0.777777777777778
taccctccccgacaactt,0.722222222222222
accctccccgacaacttc,0.666666666666667
ccctccccgacaacttcg,0.611111111111111
cctccccgacaacttcgt,0.555555555555556
ctccccgacaacttcgtc,0.5
tccccgacaacttcgtct,0.444444444444444
ccccgacaacttcgtctg,0.388888888888889
cccgacaacttcgtctgg,0.333333333333333
ccgacaacttcgtctggt,0.277777777777778
cgacaacttcgtctggtc,0.222222222222222
gacaacttcgtctggtcc,0.2
acaacttcgtctggtccc,0.222222222222222
caacttcgtctggtcccg,0.222222222222222
aacttcgtctggtcccgt,0.222222222222222
acttcgtctggtcccgtt,0.222222222222222
cttcgtctggtcccgtta,0.222222222222222
ttcgtctggtcccgttag,0.222222222222222
tcgtctggtcccgttagc,0.222222222222222
cgtctggtcccgttagct,0.222222222222222
gtctggtcccgttagctc,0.222222222222222
tctggtcccgttagctcc,0.222222222222222
ctggtcccgttagctccc,0.277777777777778
tggtcccgttagctcccc,0.333333333333333
ggtcccgttagctccccc,0.333333333333333
gtcccgttagctcccccc,0.333333333333333
tcccgttagctccccccg,0.333333333333333
cccgttagctccccccga,0.388888888888889
ccgttagctccccccgaa,0.388888888888889
cgttagctccccccgaaa,0.388888888888889
gttagctccccccgaaaa,0.388888888888889
ttagctccccccgaaaat,0.377777777777778
tagctccccccgaaaatt,0.377777777777778
agctccccccgaaaattt,0.355555555555556
gctccccccgaaaatttg,0.355555555555556
ctccccccgaaaatttgc,0.355555555555556
tccccccgaaaatttgcg,0.355555555555556
ccccccgaaaatttgcgg,0.355555555555556
cccccgaaaatttgcggg,0.333333333333333
ccccgaaaatttgcggga,0.333333333333333
cccgaaaatttgcgggaa,0.277777777777778
ccgaaaatttgcgggaac,0.222222222222222
cgaaaatttgcgggaaca,0.166666666666667
gaaaatttgcgggaacac,0.155555555555556
aaaatttgcgggaacacc,0.177777777777778
aaatttgcgggaacaccg,0.177777777777778
aatttgcgggaacaccgt,0.188888888888889
atttgcgggaacaccgtt,0.188888888888889
tttgcgggaacaccgttc,0.2
ttgcgggaacaccgttcc,0.255555555555556
tgcgggaacaccgttccc,0.311111111111111
gcgggaacaccgttccct,0.311111111111111
cgggaacaccgttcccta,0.322222222222222
gggaacaccgttccctac,0.377777777777778
ggaacaccgttccctact,0.377777777777778
gaacaccgttccctacta,0.377777777777778
aacaccgttccctactag,0.377777777777778
acaccgttccctactaga,0.377777777777778
caccgttccctactagat,0.366666666666667
accgttccctactagatc,0.366666666666667
ccgttccctactagatct,0.311111111111111
cgttccctactagatctc,0.266666666666667
gttccctactagatctct,0.266666666666667
ttccctactagatctctc,0.266666666666667
tccctactagatctctcc,0.311111111111111
ccctactagatctctcct,0.311111111111111
cctactagatctctccta,0.311111111111111
ctactagatctctcctat,0.311111111111111
tactagatctctcctatt,0.311111111111111
actagatctctcctattt,0.311111111111111
ctagatctctcctattta,0.311111111111111
tagatctctcctatttag,0.311111111111111
agatctctcctatttagt,0.311111111111111
gatctctcctatttagtg,0.311111111111111
atctctcctatttagtgt,0.255555555555556
tctctcctatttagtgtg,0.244444444444444
ctctcctatttagtgtgt,0.244444444444444
tctcctatttagtgtgtg,0.222222222222222
ctcctatttagtgtgtgg,0.222222222222222
tcctatttagtgtgtggt,0.222222222222222
cctatttagtgtgtggta,0.233333333333333
ctatttagtgtgtggtag,0.233333333333333
tatttagtgtgtggtagg,0.233333333333333
atttagtgtgtggtaggt,0.233333333333333
tttagtgtgtggtaggtc,0.233333333333333
ttagtgtgtggtaggtct,0.233333333333333
tagtgtgtggtaggtctg,0.233333333333333
agtgtgtggtaggtctgg,0.233333333333333
gtgtgtggtaggtctgga,0.233333333333333
tgtgtggtaggtctggag,0.233333333333333
gtgtggtaggtctggagg,0.233333333333333
tgtggtaggtctggaggc,0.233333333333333
gtggtaggtctggaggcg,0.233333333333333
tggtaggtctggaggcgc,0.177777777777778
ggtaggtctggaggcgca,0.122222222222222
gtaggtctggaggcgcaa,0.111111111111111
taggtctggaggcgcaat,0.111111111111111
aggtctggaggcgcaatc,0.111111111111111
ggtctggaggcgcaatcg,0.111111111111111
gtctggaggcgcaatcgg,0.111111111111111
tctggaggcgcaatcggt,0.111111111111111
ctggaggcgcaatcggtc,0.111111111111111
tggaggcgcaatcggtca,0.122222222222222
ggaggcgcaatcggtcaa,0.122222222222222
gaggcgcaatcggtcaaa,0.133333333333333
aggcgcaatcggtcaaac,0.188888888888889
ggcgcaatcggtcaaact,0.188888888888889
gcgcaatcggtcaaacta,0.188888888888889
cgcaatcggtcaaactat,0.188888888888889
gcaatcggtcaaactata,0.188888888888889
caatcggtcaaactataa,0.188888888888889
aatcggtcaaactataag,0.188888888888889
atcggtcaaactataagc,0.188888888888889
tcggtcaaactataagcg,0.188888888888889
cggtcaaactataagcgc,0.188888888888889
ggtcaaactataagcgcc,0.2
gtcaaactataagcgccg,0.2
tcaaactataagcgccgg,0.2
caaactataagcgccggg,0.2
aaactataagcgccggga,0.222222222222222
aactataagcgccgggag,0.222222222222222
actataagcgccgggagc,0.222222222222222
ctataagcgccgggagcg,0.222222222222222
tataagcgccgggagcgc,0.222222222222222
ataagcgccgggagcgct,0.222222222222222
taagcgccgggagcgctg,0.177777777777778
aagcgccgggagcgctga,0.177777777777778
agcgccgggagcgctgat,0.222222222222222
gcgccgggagcgctgatg,0.222222222222222
cgccgggagcgctgatgc,0.233333333333333
gccgggagcgctgatgcg,0.233333333333333
ccgggagcgctgatgcgc,0.244444444444444
cgggagcgctgatgcgcc,0.255555555555556
gggagcgctgatgcgcca,0.255555555555556
ggagcgctgatgcgccac,0.266666666666667
gagcgctgatgcgccaca,0.266666666666667
agcgctgatgcgccacac,0.277777777777778
gcgctgatgcgccacacc,0.333333333333333
cgctgatgcgccacaccc,0.344444444444445
gctgatgcgccacacccg,0.4
ctgatgcgccacacccgg,0.4
tgatgcgccacacccggg,0.4
gatgcgccacacccgggc,0.344444444444445
atgcgccacacccgggcg,0.288888888888889
tgcgccacacccgggcgc,0.255555555555556
gcgccacacccgggcgca,0.255555555555556
cgccacacccgggcgcaa,0.255555555555556
gccacacccgggcgcaag,0.255555555555556
ccacacccgggcgcaagt,0.255555555555556
cacacccgggcgcaagtg,0.233333333333333
acacccgggcgcaagtga,0.277777777777778
cacccgggcgcaagtgac,0.277777777777778
acccgggcgcaagtgacc,0.277777777777778
cccgggcgcaagtgacca,0.277777777777778
ccgggcgcaagtgaccac,0.277777777777778
cgggcgcaagtgaccact,0.277777777777778
gggcgcaagtgaccacta,0.277777777777778
ggcgcaagtgaccactat,0.277777777777778
gcgcaagtgaccactata,0.277777777777778
cgcaagtgaccactataa,0.277777777777778
gcaagtgaccactataaa,0.277777777777778
caagtgaccactataaaa,0.277777777777778
aagtgaccactataaaaa,0.277777777777778
agtgaccactataaaaaa,0.277777777777778
gtgaccactataaaaaac,0.222222222222222
tgaccactataaaaaact,0.188888888888889
gaccactataaaaaactc,0.188888888888889
accactataaaaaactcc,0.222222222222222
ccactataaaaaactcct,0.222222222222222
cactataaaaaactcctc,0.255555555555556
actataaaaaactcctct,0.255555555555556
ctataaaaaactcctcta,0.255555555555556
tataaaaaactcctctat,0.255555555555556
ataaaaaactcctctatg,0.255555555555556
taaaaaactcctctatgg,0.255555555555556
aaaaaactcctctatggt,0.255555555555556
aaaaactcctctatggta,0.255555555555556
aaaactcctctatggtac,0.255555555555556
aaactcctctatggtacc,0.288888888888889
aactcctctatggtacct,0.288888888888889
actcctctatggtaccta,0.288888888888889
ctcctctatggtacctag,0.288888888888889
tcctctatggtacctaga,0.288888888888889
cctctatggtacctagaa,0.288888888888889
ctctatggtacctagaaa,0.288888888888889
tctatggtacctagaaaa,0.288888888888889
ctatggtacctagaaaac,0.288888888888889
tatggtacctagaaaacc,0.288888888888889
atggtacctagaaaacca,0.288888888888889
tggtacctagaaaaccag,0.288888888888889
ggtacctagaaaaccagc,0.233333333333333
gtacctagaaaaccagcc,0.222222222222222
tacctagaaaaccagcca,0.222222222222222
acctagaaaaccagccag,0.222222222222222
cctagaaaaccagccagg,0.222222222222222
ctagaaaaccagccaggg,0.222222222222222
tagaaaaccagccagggg,0.222222222222222
agaaaaccagccaggggg,0.222222222222222
gaaaaccagccagggggc,0.222222222222222
aaaaccagccagggggca,0.2
aaaccagccagggggcat,0.2
aaccagccagggggcata,0.188888888888889
accagccagggggcataa,0.188888888888889
ccagccagggggcataag,0.166666666666667
cagccagggggcataagt,0.166666666666667
agccagggggcataagtt,0.166666666666667
gccagggggcataagttt,0.166666666666667
ccagggggcataagtttt,0.166666666666667
cagggggcataagttttc,0.166666666666667
agggggcataagttttca,0.166666666666667
gggggcataagttttcag,0.166666666666667
ggggcataagttttcagc,0.166666666666667
gggcataagttttcagcg,0.166666666666667
ggcataagttttcagcgt,0.166666666666667
gcataagttttcagcgtt,0.166666666666667
cataagttttcagcgtta,0.188888888888889
ataagttttcagcgttaa,0.188888888888889
taagttttcagcgttaac,0.2
aagttttcagcgttaact,0.2
agttttcagcgttaactg,0.2
gttttcagcgttaactga,0.2
ttttcagcgttaactgag,0.2
tttcagcgttaactgagc,0.2
ttcagcgttaactgagcc,0.2
tcagcgttaactgagccg,0.2
cagcgttaactgagccgt,0.2
agcgttaactgagccgtt,0.2
gcgttaactgagccgttt,0.177777777777778
cgttaactgagccgtttg,0.177777777777778
gttaactgagccgtttgg,0.177777777777778
ttaactgagccgtttgga,0.177777777777778
taactgagccgtttggaa,0.177777777777778
aactgagccgtttggaat,0.177777777777778
actgagccgtttggaata,0.177777777777778
ctgagccgtttggaatac,0.222222222222222
tgagccgtttggaatact,0.222222222222222
gagccgtttggaatacta,0.222222222222222
agccgtttggaatactaa,0.222222222222222
gccgtttggaatactaag,0.222222222222222
ccgtttggaatactaagc,0.222222222222222
cgtttggaatactaagct,0.222222222222222
gtttggaatactaagctg,0.222222222222222
tttggaatactaagctga,0.222222222222222
ttggaatactaagctgac,0.222222222222222
tggaatactaagctgacc,0.222222222222222
ggaatactaagctgaccc,0.222222222222222
gaatactaagctgaccca,0.222222222222222
aatactaagctgacccac,0.233333333333333
atactaagctgacccact,0.233333333333333
tactaagctgacccacta,0.233333333333333
actaagctgacccactaa,0.233333333333333
ctaagctgacccactaag,0.233333333333333
taagctgacccactaaga,0.233333333333333
aagctgacccactaagaa,0.233333333333333
agctgacccactaagaaa,0.233333333333333
gctgacccactaagaaat,0.233333333333333
ctgacccactaagaaata,0.233333333333333
tgacccactaagaaatag,0.233333333333333
gacccactaagaaataga,0.233333333333333
acccactaagaaatagaa,0.233333333333333
cccactaagaaatagaat,0.188888888888889
ccactaagaaatagaatt,0.188888888888889
cactaagaaatagaatta,0.188888888888889
actaagaaatagaattag,0.188888888888889
ctaagaaatagaattagt,0.188888888888889
taagaaatagaattagtt,0.188888888888889
aagaaatagaattagtta,0.188888888888889
agaaatagaattagttat,0.233333333333333
gaaatagaattagttata,0.288888888888889
aaatagaattagttatac,0.344444444444445
aatagaattagttatacg,0.344444444444445
atagaattagttatacgc,0.355555555555556
tagaattagttatacgca,0.355555555555556
agaattagttatacgcaa,0.355555555555556
gaattagttatacgcaag,0.355555555555556
aattagttatacgcaagg,0.355555555555556
attagttatacgcaaggc,0.355555555555556
ttagttatacgcaaggca,0.355555555555556
tagttatacgcaaggcag,0.355555555555556
agttatacgcaaggcagt,0.355555555555556
gttatacgcaaggcagtt,0.3
ttatacgcaaggcagttc,0.244444444444444
tatacgcaaggcagttca,0.233333333333333
atacgcaaggcagttcaa,0.233333333333333
tacgcaaggcagttcaac,0.177777777777778
acgcaaggcagttcaacc,0.2
cgcaaggcagttcaaccc,0.255555555555556
gcaaggcagttcaacccc,0.255555555555556
caaggcagttcaaccccc,0.277777777777778
aaggcagttcaacccccg,0.277777777777778
aggcagttcaacccccgt,0.277777777777778
ggcagttcaacccccgtc,0.288888888888889
gcagttcaacccccgtcc,0.288888888888889
cagttcaacccccgtcct,0.288888888888889
agttcaacccccgtccta,0.288888888888889
gttcaacccccgtcctag,0.288888888888889
ttcaacccccgtcctagt,0.288888888888889
tcaacccccgtcctagtc,0.288888888888889
caacccccgtcctagtcc,0.288888888888889
aacccccgtcctagtcca,0.288888888888889
acccccgtcctagtccaa,0.288888888888889
cccccgtcctagtccaac,0.288888888888889
ccccgtcctagtccaact,0.288888888888889
cccgtcctagtccaactg,0.244444444444444
ccgtcctagtccaactgg,0.233333333333333
cgtcctagtccaactggc,0.177777777777778
gtcctagtccaactggca,0.177777777777778
tcctagtccaactggcaa,0.177777777777778
cctagtccaactggcaaa,0.177777777777778
ctagtccaactggcaaag,0.177777777777778
tagtccaactggcaaagg,0.177777777777778
agtccaactggcaaaggc,0.177777777777778
gtccaactggcaaaggca,0.177777777777778
tccaactggcaaaggcac,0.177777777777778
ccaactggcaaaggcaca,0.177777777777778
caactggcaaaggcacaa,0.122222222222222
aactggcaaaggcacaac,0.133333333333333
actggcaaaggcacaact,0.133333333333333
ctggcaaaggcacaactc,0.166666666666667
tggcaaaggcacaactcc,0.222222222222222
ggcaaaggcacaactccc,0.277777777777778
gcaaaggcacaactcccc,0.333333333333333
caaaggcacaactcccca,0.333333333333333
aaaggcacaactccccac,0.355555555555556
aaggcacaactccccacg,0.355555555555556
aggcacaactccccacgg,0.355555555555556
ggcacaactccccacgga,0.355555555555556
gcacaactccccacggat,0.355555555555556
cacaactccccacggatt,0.355555555555556
acaactccccacggattc,0.355555555555556
caactccccacggattcc,0.355555555555556
aactccccacggattccg,0.355555555555556
actccccacggattccgt,0.355555555555556
ctccccacggattccgta,0.355555555555556
tccccacggattccgtaa,0.3
ccccacggattccgtaag,0.244444444444444
cccacggattccgtaaga,0.244444444444444
ccacggattccgtaagat,0.244444444444444
cacggattccgtaagatc,0.244444444444444
acggattccgtaagatca,0.244444444444444
cggattccgtaagatcac,0.244444444444444
ggattccgtaagatcact,0.244444444444444
gattccgtaagatcacta,0.244444444444444
attccgtaagatcactag,0.2
ttccgtaagatcactaga,0.2
tccgtaagatcactagat,0.2
ccgtaagatcactagata,0.222222222222222
cgtaagatcactagatac,0.277777777777778
gtaagatcactagataca,0.277777777777778
taagatcactagatacat,0.277777777777778
aagatcactagatacata,0.277777777777778
agatcactagatacataa,0.277777777777778
gatcactagatacataag,0.277777777777778
atcactagatacataagt,0.277777777777778
tcactagatacataagtc,0.277777777777778
cactagatacataagtcg,0.277777777777778
actagatacataagtcgt,0.277777777777778
ctagatacataagtcgtc,0.277777777777778
tagatacataagtcgtcg,0.277777777777778
agatacataagtcgtcgt,0.277777777777778
gatacataagtcgtcgtc,0.277777777777778
atacataagtcgtcgtca,0.222222222222222
tacataagtcgtcgtcag,0.166666666666667
acataagtcgtcgtcaga,0.166666666666667
cataagtcgtcgtcagat,0.166666666666667
ataagtcgtcgtcagatg,0.166666666666667
taagtcgtcgtcagatgt,0.166666666666667
aagtcgtcgtcagatgtg,0.166666666666667
agtcgtcgtcagatgtgt,0.166666666666667
gtcgtcgtcagatgtgtt,0.177777777777778
tcgtcgtcagatgtgtta,0.233333333333333
cgtcgtcagatgtgttac,0.288888888888889
gtcgtcagatgtgttact,0.288888888888889
tcgtcagatgtgttactt,0.288888888888889
cgtcagatgtgttacttc,0.288888888888889
gtcagatgtgttacttca,0.288888888888889
tcagatgtgttacttcat,0.288888888888889
cagatgtgttacttcatg,0.288888888888889
agatgtgttacttcatgc,0.288888888888889
gatgtgttacttcatgca,0.288888888888889
atgtgttacttcatgcaa,0.288888888888889
tgtgttacttcatgcaaa,0.288888888888889
gtgttacttcatgcaaaa,0.288888888888889
tgttacttcatgcaaaat,0.233333333333333
gttacttcatgcaaaatc,0.177777777777778
ttacttcatgcaaaatcc,0.166666666666667
tacttcatgcaaaatccc,0.222222222222222
acttcatgcaaaatccca,0.222222222222222
cttcatgcaaaatcccac,0.222222222222222
ttcatgcaaaatcccaca,0.222222222222222
tcatgcaaaatcccacaa,0.222222222222222
catgcaaaatcccacaaa,0.222222222222222
atgcaaaatcccacaaaa,0.222222222222222
tgcaaaatcccacaaaaa,0.222222222222222
gcaaaatcccacaaaaaa,0.222222222222222
caaaatcccacaaaaaat,0.222222222222222
aaaatcccacaaaaaatt,0.222222222222222
aaatcccacaaaaaatta,0.222222222222222
aatcccacaaaaaattat,0.222222222222222
atcccacaaaaaattatg,0.222222222222222
tcccacaaaaaattatgc,0.222222222222222
cccacaaaaaattatgcc,0.2
ccacaaaaaattatgcca,0.2
cacaaaaaattatgccaa,0.2
acaaaaaattatgccaaa,0.2
caaaaaattatgccaaag,0.2
aaaaaattatgccaaagc,0.2
aaaaattatgccaaagcc,0.2
aaaattatgccaaagcct,0.2
aaattatgccaaagccta,0.2
aattatgccaaagcctac,0.2
attatgccaaagcctacg,0.2
ttatgccaaagcctacga,0.2
tatgccaaagcctacgat,0.2
atgccaaagcctacgatt,0.2
tgccaaagcctacgatta,0.2
gccaaagcctacgattac,0.2
ccaaagcctacgattact,0.2
caaagcctacgattactg,0.2
aaagcctacgattactgt,0.2
aagcctacgattactgtc,0.211111111111111
agcctacgattactgtca,0.211111111111111
gcctacgattactgtcat,0.211111111111111
cctacgattactgtcata,0.233333333333333
ctacgattactgtcatag,0.233333333333333
tacgattactgtcatagg,0.233333333333333
acgattactgtcataggt,0.233333333333333
cgattactgtcataggtc,0.233333333333333
gattactgtcataggtct,0.233333333333333
attactgtcataggtctc,0.233333333333333
ttactgtcataggtctcg,0.233333333333333
tactgtcataggtctcgc,0.233333333333333
actgtcataggtctcgct,0.233333333333333
ctgtcataggtctcgctt,0.233333333333333
tgtcataggtctcgcttt,0.233333333333333
gtcataggtctcgctttt,0.233333333333333
tcataggtctcgcttttt,0.177777777777778
cataggtctcgctttttc,0.177777777777778
ataggtctcgctttttcc,0.177777777777778
taggtctcgctttttcct,0.177777777777778
aggtctcgctttttcctt,0.177777777777778
ggtctcgctttttcctta,0.177777777777778
gtctcgctttttccttaa,0.177777777777778
tctcgctttttccttaat,0.177777777777778
ctcgctttttccttaatt,0.177777777777778
tcgctttttccttaattc,0.166666666666667
cgctttttccttaattcg,0.166666666666667
gctttttccttaattcgg,0.166666666666667
ctttttccttaattcggt,0.166666666666667
tttttccttaattcggta,0.166666666666667
ttttccttaattcggtag,0.166666666666667
tttccttaattcggtagg,0.166666666666667
ttccttaattcggtaggc,0.166666666666667
tccttaattcggtaggcc,0.166666666666667
ccttaattcggtaggcca,0.166666666666667
cttaattcggtaggccac,0.133333333333333
ttaattcggtaggccact,0.133333333333333
taattcggtaggccacta,0.133333333333333
aattcggtaggccactaa,0.133333333333333
attcggtaggccactaag,0.133333333333333
ttcggtaggccactaaga,0.133333333333333
tcggtaggccactaagaa,0.133333333333333
cggtaggccactaagaac,0.133333333333333
ggtaggccactaagaacg,0.133333333333333
gtaggccactaagaacgc,0.144444444444444
taggccactaagaacgcc,0.155555555555556
aggccactaagaacgcca,0.155555555555556
ggccactaagaacgccag,0.155555555555556
gccactaagaacgccagc,0.155555555555556
ccactaagaacgccagcc,0.177777777777778
cactaagaacgccagcca,0.177777777777778
actaagaacgccagccag,0.188888888888889
ctaagaacgccagccagc,0.188888888888889
taagaacgccagccagca,0.188888888888889
aagaacgccagccagcac,0.211111111111111
agaacgccagccagcact,0.211111111111111
gaacgccagccagcactc,0.211111111111111
aacgccagccagcactct,0.188888888888889
acgccagccagcactctt,0.188888888888889
cgccagccagcactctta,0.177777777777778
gccagccagcactcttat,0.177777777777778
ccagccagcactcttata,0.177777777777778
cagccagcactcttatag,0.177777777777778
agccagcactcttatagc,0.188888888888889
gccagcactcttatagcg,0.188888888888889
ccagcactcttatagcga,0.188888888888889
cagcactcttatagcgag,0.188888888888889
agcactcttatagcgagg,0.188888888888889
gcactcttatagcgaggc,0.188888888888889
cactcttatagcgaggct,0.188888888888889
actcttatagcgaggctt,0.188888888888889
ctcttatagcgaggcttg,0.188888888888889
tcttatagcgaggcttga,0.188888888888889
cttatagcgaggcttgaa,0.188888888888889
ttatagcgaggcttgaag,0.188888888888889
tatagcgaggcttgaagc,0.177777777777778
atagcgaggcttgaagcc,0.2
tagcgaggcttgaagccc,0.244444444444444
agcgaggcttgaagccct,0.3
gcgaggcttgaagccctt,0.3
cgaggcttgaagcccttg,0.3
gaggcttgaagcccttgt,0.3
aggcttgaagcccttgtg,0.3
ggcttgaagcccttgtgg,0.3
gcttgaagcccttgtggg,0.3
cttgaagcccttgtgggc,0.3
ttgaagcccttgtgggcc,0.3
tgaagcccttgtgggccg,0.3
gaagcccttgtgggccgt,0.244444444444444
aagcccttgtgggccgta,0.222222222222222
agcccttgtgggccgtag,0.222222222222222
