Subsequence,Contains
ggagcatcggagg,0.230769230769231
gagcatcggaggt,0.230769230769231
agcatcggaggtg,0.230769230769231
gcatcggaggtga,0.230769230769231
catcggaggtgat,0.246153846153846
atcggaggtgatg,0.246153846153846
tcggaggtgatgg,0.246153846153846
cggaggtgatggg,0.246153846153846
ggaggtgatgggc,0.276923076923077
gaggtgatgggca,0.353846153846154
aggtgatgggcag,0.353846153846154
ggtgatgggcagg,0.353846153846154
gtgatgggcaggc,0.353846153846154
tgatgggcaggcg,0.276923076923077
gatgggcaggcgc,0.261538461538462
atgggcaggcgct,0.261538461538462
tgggcaggcgctc,0.230769230769231
gggcaggcgctca,0.230769230769231
ggcaggcgctcac,0.230769230769231
gcaggcgctcaca,0.230769230769231
caggcgctcacat,0.230769230769231
aggcgctcacata,0.230769230769231
ggcgctcacataa,0.230769230769231
gcgctcacataag,0.246153846153846
cgctcacataagc,0.323076923076923
gctcacataagct,0.323076923076923
ctcacataagctg,0.323076923076923
tcacataagctga,0.323076923076923
cacataagctgat,0.323076923076923
acataagctgatt,0.323076923076923
cataagctgattg,0.323076923076923
ataagctgattgg,0.323076923076923
taagctgattgga,0.246153846153846
aagctgattggat,0.2
agctgattggatt,0.2
gctgattggattc,0.2
ctgattggattcc,0.2
tgattggattccg,0.230769230769231
gattggattccgt,0.230769230769231
attggattccgtc,0.230769230769231
ttggattccgtcc,0.230769230769231
tggattccgtcca,0.169230769230769
ggattccgtccaa,0.169230769230769
gattccgtccaat,0.169230769230769
attccgtccaatg,0.169230769230769
ttccgtccaatgt,0.169230769230769
tccgtccaatgtc,0.169230769230769
ccgtccaatgtca,0.169230769230769
cgtccaatgtcag,0.169230769230769
gtccaatgtcagt,0.246153846153846
tccaatgtcagtc,0.246153846153846
ccaatgtcagtcc,0.246153846153846
caatgtcagtccg,0.246153846153846
aatgtcagtccgg,0.246153846153846
atgtcagtccggc,0.246153846153846
tgtcagtccggca,0.246153846153846
gtcagtccggcaa,0.246153846153846
tcagtccggcaat,0.246153846153846
cagtccggcaatg,0.230769230769231
agtccggcaatgt,0.230769230769231
gtccggcaatgtg,0.230769230769231
tccggcaatgtga,0.230769230769231
ccggcaatgtgag,0.230769230769231
cggcaatgtgagt,0.246153846153846
ggcaatgtgagta,0.246153846153846
gcaatgtgagtat,0.276923076923077
caatgtgagtatc,0.276923076923077
aatgtgagtatct,0.276923076923077
atgtgagtatctt,0.276923076923077
tgtgagtatcttg,0.276923076923077
gtgagtatcttgc,0.276923076923077
tgagtatcttgcc,0.276923076923077
gagtatcttgccg,0.261538461538462
agtatcttgccgt,0.261538461538462
gtatcttgccgtg,0.230769230769231
tatcttgccgtgg,0.230769230769231
atcttgccgtggt,0.169230769230769
tcttgccgtggtc,0.169230769230769
cttgccgtggtca,0.184615384615385
ttgccgtggtcaa,0.184615384615385
tgccgtggtcaac,0.215384615384615
gccgtggtcaacg,0.292307692307692
ccgtggtcaacgg,0.292307692307692
cgtggtcaacgga,0.307692307692308
gtggtcaacggac,0.307692307692308
tggtcaacggact,0.307692307692308
ggtcaacggacta,0.292307692307692
gtcaacggactat,0.292307692307692
tcaacggactata,0.307692307692308
caacggactatag,0.307692307692308
aacggactatagt,0.307692307692308
acggactatagtc,0.307692307692308
cggactatagtca,0.338461538461538
ggactatagtcac,0.338461538461538
gactatagtcact,0.338461538461538
actatagtcactc,0.338461538461538
ctatagtcactcc,0.338461538461538
tatagtcactccc,0.338461538461538
atagtcactccct,0.323076923076923
tagtcactcccta,0.323076923076923
agtcactccctaa,0.246153846153846
gtcactccctaag,0.169230769230769
tcactccctaaga,0.169230769230769
cactccctaagag,0.169230769230769
actccctaagagc,0.169230769230769
ctccctaagagcg,0.169230769230769
tccctaagagcga,0.169230769230769
ccctaagagcgat,0.184615384615385
cctaagagcgata,0.261538461538462
ctaagagcgatag,0.261538461538462
taagagcgataga,0.261538461538462
aagagcgatagag,0.261538461538462
agagcgatagagg,0.261538461538462
gagcgatagaggg,0.261538461538462
agcgatagaggga,0.261538461538462
gcgatagagggat,0.230769230769231
cgatagagggatt,0.230769230769231
gatagagggattg,0.230769230769231
atagagggattgt,0.230769230769231
tagagggattgtg,0.230769230769231
agagggattgtga,0.2
gagggattgtgat,0.276923076923077
agggattgtgata,0.353846153846154
gggattgtgataa,0.353846153846154
ggattgtgataag,0.369230769230769
gattgtgataagc,0.446153846153846
attgtgataagcc,0.446153846153846
ttgtgataagcca,0.446153846153846
tgtgataagccag,0.415384615384615
gtgataagccagc,0.415384615384615
tgataagccagct,0.338461538461538
gataagccagctc,0.323076923076923
ataagccagctct,0.323076923076923
taagccagctcta,0.261538461538462
aagccagctctaa,0.261538461538462
agccagctctaaa,0.261538461538462
gccagctctaaaa,0.261538461538462
ccagctctaaaaa,0.261538461538462
cagctctaaaaat,0.261538461538462
agctctaaaaata,0.261538461538462
gctctaaaaatag,0.230769230769231
ctctaaaaatagg,0.246153846153846
tctaaaaataggt,0.246153846153846
ctaaaaataggtt,0.261538461538462
taaaaataggttt,0.261538461538462
aaaaataggtttg,0.261538461538462
aaaataggtttgt,0.261538461538462
aaataggtttgta,0.261538461538462
aataggtttgtag,0.261538461538462
ataggtttgtagt,0.307692307692308
taggtttgtagta,0.307692307692308
aggtttgtagtat,0.338461538461538
ggtttgtagtata,0.415384615384615
gtttgtagtataa,0.415384615384615
tttgtagtataag,0.430769230769231
ttgtagtataagg,0.430769230769231
tgtagtataaggc,0.430769230769231
gtagtataaggca,0.461538461538462
tagtataaggcaa,0.461538461538462
agtataaggcaat,0.384615384615385
gtataaggcaatg,0.353846153846154
tataaggcaatga,0.353846153846154
ataaggcaatgaa,0.276923076923077
taaggcaatgaaa,0.276923076923077
aaggcaatgaaac,0.246153846153846
aggcaatgaaacc,0.246153846153846
ggcaatgaaaccc,0.230769230769231
gcaatgaaaccct,0.230769230769231
caatgaaaccctc,0.215384615384615
aatgaaaccctct,0.215384615384615
atgaaaccctctc,0.2
tgaaaccctctca,0.2
gaaaccctctcac,0.184615384615385
aaaccctctcaca,0.184615384615385
aaccctctcacat,0.169230769230769
accctctcacatc,0.169230769230769
ccctctcacatcg,0.184615384615385
cctctcacatcga,0.184615384615385
ctctcacatcgag,0.184615384615385
tctcacatcgagg,0.184615384615385
ctcacatcgaggt,0.184615384615385
tcacatcgaggtt,0.230769230769231
cacatcgaggttt,0.230769230769231
acatcgaggtttt,0.246153846153846
catcgaggttttc,0.246153846153846
atcgaggttttcc,0.261538461538462
tcgaggttttccg,0.338461538461538
cgaggttttccgg,0.338461538461538
gaggttttccggc,0.338461538461538
aggttttccggct,0.338461538461538
ggttttccggctg,0.338461538461538
gttttccggctgc,0.338461538461538
ttttccggctgct,0.261538461538462
tttccggctgctg,0.2
ttccggctgctgg,0.169230769230769
tccggctgctggc,0.169230769230769
ccggctgctggcc,0.153846153846154
cggctgctggccc,0.153846153846154
ggctgctggccca,0.169230769230769
gctgctggcccat,0.169230769230769
ctgctggcccatt,0.169230769230769
tgctggcccatta,0.230769230769231
gctggcccattag,0.307692307692308
ctggcccattaga,0.307692307692308
tggcccattagaa,0.307692307692308
ggcccattagaaa,0.307692307692308
gcccattagaaaa,0.307692307692308
cccattagaaaat,0.307692307692308
ccattagaaaatt,0.307692307692308
cattagaaaattg,0.307692307692308
attagaaaattgt,0.307692307692308
ttagaaaattgta,0.307692307692308
tagaaaattgtag,0.261538461538462
agaaaattgtagg,0.276923076923077
gaaaattgtaggt,0.276923076923077
aaaattgtaggta,0.323076923076923
aaattgtaggtat,0.4
aattgtaggtatt,0.4
attgtaggtattc,0.415384615384615
ttgtaggtattct,0.415384615384615
tgtaggtattctc,0.430769230769231
gtaggtattctcc,0.430769230769231
taggtattctcca,0.430769230769231
aggtattctccaa,0.353846153846154
ggtattctccaat,0.276923076923077
gtattctccaatt,0.261538461538462
tattctccaattt,0.261538461538462
attctccaatttc,0.184615384615385
ttctccaatttca,0.184615384615385
tctccaatttcat,0.2
ctccaatttcatg,0.2
tccaatttcatga,0.2
ccaatttcatgag,0.2
caatttcatgagc,0.230769230769231
aatttcatgagct,0.230769230769231
atttcatgagctc,0.230769230769231
tttcatgagctca,0.215384615384615
ttcatgagctcat,0.215384615384615
tcatgagctcatg,0.215384615384615
catgagctcatgc,0.230769230769231
atgagctcatgcc,0.230769230769231
tgagctcatgcca,0.261538461538462
gagctcatgccat,0.246153846153846
agctcatgccatc,0.246153846153846
gctcatgccatcc,0.215384615384615
ctcatgccatcct,0.215384615384615
tcatgccatcctt,0.215384615384615
catgccatccttg,0.2
atgccatccttga,0.2
tgccatccttgag,0.184615384615385
gccatccttgagg,0.184615384615385
ccatccttgaggg,0.184615384615385
catccttgaggga,0.184615384615385
atccttgagggat,0.215384615384615
tccttgagggatt,0.215384615384615
ccttgagggattc,0.230769230769231
cttgagggattca,0.230769230769231
ttgagggattcac,0.246153846153846
tgagggattcaca,0.307692307692308
gagggattcacac,0.292307692307692
agggattcacact,0.292307692307692
gggattcacactg,0.261538461538462
ggattcacactgc,0.261538461538462
gattcacactgcg,0.261538461538462
attcacactgcgg,0.261538461538462
ttcacactgcggt,0.230769230769231
tcacactgcggtc,0.215384615384615
cacactgcggtca,0.2
acactgcggtcaa,0.2
cactgcggtcaac,0.2
actgcggtcaacc,0.2
ctgcggtcaacct,0.2
tgcggtcaacctg,0.2
gcggtcaacctgc,0.2
cggtcaacctgcc,0.2
ggtcaacctgccg,0.2
gtcaacctgccgg,0.2
tcaacctgccggc,0.153846153846154
caacctgccggca,0.230769230769231
aacctgccggcaa,0.230769230769231
acctgccggcaag,0.230769230769231
cctgccggcaaga,0.230769230769231
ctgccggcaagat,0.230769230769231
tgccggcaagata,0.246153846153846
gccggcaagatag,0.246153846153846
ccggcaagatagc,0.261538461538462
cggcaagatagcc,0.261538461538462
ggcaagatagcct,0.261538461538462
gcaagatagccta,0.261538461538462
caagatagcctac,0.261538461538462
aagatagcctaca,0.261538461538462
agatagcctacaa,0.261538461538462
gatagcctacaac,0.261538461538462
atagcctacaaca,0.261538461538462
tagcctacaacag,0.230769230769231
agcctacaacagg,0.230769230769231
gcctacaacaggc,0.230769230769231
cctacaacaggca,0.261538461538462
ctacaacaggcac,0.261538461538462
tacaacaggcacc,0.261538461538462
acaacaggcaccg,0.261538461538462
caacaggcaccgc,0.261538461538462
aacaggcaccgcg,0.261538461538462
acaggcaccgcgt,0.261538461538462
caggcaccgcgtt,0.246153846153846
aggcaccgcgttg,0.246153846153846
ggcaccgcgttga,0.230769230769231
gcaccgcgttgaa,0.230769230769231
caccgcgttgaaa,0.230769230769231
accgcgttgaaat,0.230769230769231
ccgcgttgaaatg,0.230769230769231
cgcgttgaaatgg,0.230769230769231
gcgttgaaatgga,0.230769230769231
cgttgaaatggat,0.230769230769231
gttgaaatggatc,0.230769230769231
ttgaaatggatct,0.153846153846154
tgaaatggatctc,0.153846153846154
gaaatggatctcc,0.153846153846154
aaatggatctcct,0.153846153846154
aatggatctcctt,0.153846153846154
atggatctcctta,0.230769230769231
tggatctccttag,0.307692307692308
ggatctccttaga,0.307692307692308
gatctccttagaa,0.307692307692308
atctccttagaat,0.307692307692308
tctccttagaata,0.353846153846154
ctccttagaatat,0.353846153846154
tccttagaatatt,0.353846153846154
ccttagaatattg,0.353846153846154
cttagaatattgg,0.353846153846154
ttagaatattgga,0.353846153846154
tagaatattggac,0.276923076923077
agaatattggact,0.230769230769231
gaatattggactt,0.230769230769231
aatattggacttc,0.230769230769231
atattggacttcg,0.230769230769231
tattggacttcgt,0.246153846153846
attggacttcgtg,0.246153846153846
ttggacttcgtgt,0.246153846153846
tggacttcgtgtc,0.246153846153846
ggacttcgtgtcc,0.246153846153846
gacttcgtgtccc,0.246153846153846
acttcgtgtcccc,0.246153846153846
cttcgtgtccccc,0.246153846153846
ttcgtgtccccca,0.246153846153846
tcgtgtcccccaa,0.169230769230769
cgtgtcccccaag,0.169230769230769
gtgtcccccaaga,0.169230769230769
tgtcccccaagaa,0.169230769230769
gtcccccaagaac,0.169230769230769
tcccccaagaacg,0.230769230769231
cccccaagaacgc,0.307692307692308
ccccaagaacgca,0.384615384615385
cccaagaacgcat,0.384615384615385
ccaagaacgcatt,0.384615384615385
caagaacgcattg,0.384615384615385
aagaacgcattga,0.384615384615385
agaacgcattgag,0.384615384615385
gaacgcattgagc,0.384615384615385
aacgcattgagct,0.384615384615385
acgcattgagcta,0.384615384615385
cgcattgagctat,0.353846153846154
gcattgagctatt,0.353846153846154
cattgagctatta,0.353846153846154
attgagctattac,0.384615384615385
ttgagctattaca,0.384615384615385
tgagctattacat,0.369230769230769
gagctattacatc,0.353846153846154
agctattacatct,0.353846153846154
gctattacatctt,0.276923076923077
ctattacatcttc,0.276923076923077
tattacatcttct,0.276923076923077
attacatcttctg,0.246153846153846
ttacatcttctgg,0.246153846153846
tacatcttctggc,0.230769230769231
acatcttctggct,0.169230769230769
catcttctggctc,0.169230769230769
atcttctggctca,0.169230769230769
tcttctggctcag,0.169230769230769
cttctggctcagg,0.169230769230769
ttctggctcaggg,0.169230769230769
tctggctcagggt,0.169230769230769
ctggctcagggtc,0.169230769230769
tggctcagggtca,0.169230769230769
ggctcagggtcat,0.246153846153846
gctcagggtcatt,0.246153846153846
ctcagggtcatta,0.246153846153846
tcagggtcattaa,0.246153846153846
cagggtcattaat,0.246153846153846
agggtcattaata,0.276923076923077
gggtcattaatac,0.353846153846154
ggtcattaatact,0.353846153846154
gtcattaatactc,0.369230769230769
tcattaatactcc,0.369230769230769
cattaatactccc,0.353846153846154
attaatactccca,0.353846153846154
ttaatactcccaa,0.353846153846154
taatactcccaat,0.338461538461538
aatactcccaatc,0.323076923076923
atactcccaatcc,0.323076923076923
tactcccaatcct,0.246153846153846
actcccaatcctg,0.169230769230769
ctcccaatcctgc,0.2
tcccaatcctgcg,0.2
cccaatcctgcgc,0.246153846153846
ccaatcctgcgct,0.246153846153846
caatcctgcgcta,0.246153846153846
aatcctgcgctac,0.246153846153846
atcctgcgctacg,0.307692307692308
tcctgcgctacgt,0.307692307692308
cctgcgctacgta,0.323076923076923
ctgcgctacgtat,0.323076923076923
tgcgctacgtata,0.338461538461538
gcgctacgtatat,0.338461538461538
cgctacgtatatt,0.338461538461538
gctacgtatattc,0.338461538461538
ctacgtatattct,0.338461538461538
tacgtatattctg,0.338461538461538
acgtatattctgc,0.307692307692308
cgtatattctgcg,0.307692307692308
gtatattctgcgc,0.369230769230769
tatattctgcgcg,0.369230769230769
atattctgcgcga,0.369230769230769
tattctgcgcgac,0.369230769230769
attctgcgcgact,0.338461538461538
ttctgcgcgactc,0.338461538461538
tctgcgcgactcc,0.261538461538462
ctgcgcgactcca,0.246153846153846
tgcgcgactccat,0.246153846153846
gcgcgactccata,0.230769230769231
cgcgactccatac,0.307692307692308
gcgactccatacg,0.384615384615385
cgactccatacgt,0.384615384615385
gactccatacgtg,0.384615384615385
actccatacgtgc,0.384615384615385
ctccatacgtgca,0.384615384615385
tccatacgtgcac,0.384615384615385
ccatacgtgcact,0.384615384615385
catacgtgcactg,0.384615384615385
atacgtgcactga,0.384615384615385
tacgtgcactgat,0.307692307692308
acgtgcactgatt,0.230769230769231
cgtgcactgattt,0.230769230769231
gtgcactgatttg,0.230769230769231
tgcactgatttgt,0.246153846153846
gcactgatttgtg,0.246153846153846
cactgatttgtgt,0.246153846153846
actgatttgtgta,0.276923076923077
ctgatttgtgtaa,0.276923076923077
tgatttgtgtaac,0.307692307692308
gatttgtgtaact,0.307692307692308
atttgtgtaacta,0.307692307692308
tttgtgtaactat,0.307692307692308
ttgtgtaactatc,0.261538461538462
tgtgtaactatca,0.261538461538462
gtgtaactatcac,0.292307692307692
tgtaactatcaca,0.307692307692308
gtaactatcacag,0.307692307692308
taactatcacagt,0.307692307692308
aactatcacagtg,0.276923076923077
actatcacagtga,0.276923076923077
ctatcacagtgat,0.323076923076923
tatcacagtgata,0.4
atcacagtgatac,0.476923076923077
tcacagtgatacc,0.476923076923077
cacagtgataccc,0.492307692307692
acagtgataccct,0.492307692307692
cagtgataccctc,0.492307692307692
agtgataccctcc,0.492307692307692
gtgataccctccc,0.415384615384615
tgataccctcccc,0.338461538461538
gataccctccccg,0.323076923076923
ataccctccccga,0.323076923076923
taccctccccgac,0.246153846153846
accctccccgaca,0.184615384615385
ccctccccgacaa,0.184615384615385
cctccccgacaac,0.184615384615385
ctccccgacaact,0.184615384615385
tccccgacaactt,0.184615384615385
ccccgacaacttc,0.184615384615385
cccgacaacttcg,0.184615384615385
ccgacaacttcgt,0.246153846153846
cgacaacttcgtc,0.246153846153846
gacaacttcgtct,0.246153846153846
acaacttcgtctg,0.246153846153846
caacttcgtctgg,0.246153846153846
aacttcgtctggt,0.246153846153846
acttcgtctggtc,0.246153846153846
cttcgtctggtcc,0.246153846153846
ttcgtctggtccc,0.246153846153846
tcgtctggtcccg,0.169230769230769
cgtctggtcccgt,0.169230769230769
gtctggtcccgtt,0.230769230769231
tctggtcccgtta,0.307692307692308
ctggtcccgttag,0.307692307692308
tggtcccgttagc,0.307692307692308
ggtcccgttagct,0.323076923076923
gtcccgttagctc,0.323076923076923
tcccgttagctcc,0.323076923076923
cccgttagctccc,0.323076923076923
ccgttagctcccc,0.323076923076923
cgttagctccccc,0.323076923076923
gttagctcccccc,0.323076923076923
ttagctccccccg,0.323076923076923
tagctccccccga,0.246153846153846
agctccccccgaa,0.169230769230769
gctccccccgaaa,0.169230769230769
ctccccccgaaaa,0.169230769230769
tccccccgaaaat,0.169230769230769
ccccccgaaaatt,0.169230769230769
cccccgaaaattt,0.169230769230769
ccccgaaaatttg,0.169230769230769
cccgaaaatttgc,0.184615384615385
ccgaaaatttgcg,0.215384615384615
cgaaaatttgcgg,0.215384615384615
gaaaatttgcggg,0.215384615384615
aaaatttgcggga,0.215384615384615
aaatttgcgggaa,0.215384615384615
aatttgcgggaac,0.215384615384615
atttgcgggaaca,0.2
tttgcgggaacac,0.2
ttgcgggaacacc,0.169230769230769
tgcgggaacaccg,0.169230769230769
gcgggaacaccgt,0.169230769230769
cgggaacaccgtt,0.230769230769231
gggaacaccgttc,0.230769230769231
ggaacaccgttcc,0.230769230769231
gaacaccgttccc,0.230769230769231
aacaccgttccct,0.230769230769231
acaccgttcccta,0.230769230769231
caccgttccctac,0.230769230769231
accgttccctact,0.230769230769231
ccgttccctacta,0.230769230769231
cgttccctactag,0.230769230769231
gttccctactaga,0.230769230769231
ttccctactagat,0.246153846153846
tccctactagatc,0.246153846153846
ccctactagatct,0.261538461538462
cctactagatctc,0.261538461538462
ctactagatctct,0.261538461538462
tactagatctctc,0.261538461538462
actagatctctcc,0.261538461538462
ctagatctctcct,0.261538461538462
tagatctctccta,0.261538461538462
agatctctcctat,0.230769230769231
gatctctcctatt,0.230769230769231
atctctcctattt,0.246153846153846
tctctcctattta,0.323076923076923
ctctcctatttag,0.323076923076923
tctcctatttagt,0.384615384615385
ctcctatttagtg,0.384615384615385
tcctatttagtgt,0.384615384615385
cctatttagtgtg,0.384615384615385
ctatttagtgtgt,0.384615384615385
tatttagtgtgtg,0.384615384615385
atttagtgtgtgg,0.384615384615385
tttagtgtgtggt,0.384615384615385
ttagtgtgtggta,0.384615384615385
tagtgtgtggtag,0.307692307692308
agtgtgtggtagg,0.230769230769231
gtgtgtggtaggt,0.246153846153846
tgtgtggtaggtc,0.246153846153846
gtgtggtaggtct,0.261538461538462
tgtggtaggtctg,0.261538461538462
gtggtaggtctgg,0.261538461538462
tggtaggtctgga,0.261538461538462
ggtaggtctggag,0.261538461538462
gtaggtctggagg,0.261538461538462
taggtctggaggc,0.261538461538462
aggtctggaggcg,0.184615384615385
ggtctggaggcgc,0.230769230769231
gtctggaggcgca,0.307692307692308
tctggaggcgcaa,0.307692307692308
ctggaggcgcaat,0.307692307692308
tggaggcgcaatc,0.307692307692308
ggaggcgcaatcg,0.307692307692308
gaggcgcaatcgg,0.307692307692308
aggcgcaatcggt,0.307692307692308
ggcgcaatcggtc,0.307692307692308
gcgcaatcggtca,0.307692307692308
cgcaatcggtcaa,0.307692307692308
gcaatcggtcaaa,0.230769230769231
caatcggtcaaac,0.261538461538462
aatcggtcaaact,0.261538461538462
atcggtcaaacta,0.261538461538462
tcggtcaaactat,0.261538461538462
cggtcaaactata,0.307692307692308
ggtcaaactataa,0.307692307692308
gtcaaactataag,0.323076923076923
tcaaactataagc,0.4
caaactataagcg,0.4
aaactataagcgc,0.4
aactataagcgcc,0.4
actataagcgccg,0.4
ctataagcgccgg,0.4
tataagcgccggg,0.4
ataagcgccggga,0.323076923076923
taagcgccgggag,0.261538461538462
aagcgccgggagc,0.230769230769231
agcgccgggagcg,0.230769230769231
gcgccgggagcgc,0.230769230769231
cgccgggagcgct,0.230769230769231
gccgggagcgctg,0.230769230769231
ccgggagcgctga,0.230769230769231
cgggagcgctgat,0.230769230769231
gggagcgctgatg,0.230769230769231
ggagcgctgatgc,0.230769230769231
gagcgctgatgcg,0.261538461538462
agcgctgatgcgc,0.338461538461538
gcgctgatgcgcc,0.338461538461538
cgctgatgcgcca,0.338461538461538
gctgatgcgccac,0.338461538461538
ctgatgcgccaca,0.338461538461538
tgatgcgccacac,0.338461538461538
gatgcgccacacc,0.323076923076923
atgcgccacaccc,0.323076923076923
tgcgccacacccg,0.246153846153846
gcgccacacccgg,0.230769230769231
cgccacacccggg,0.230769230769231
gccacacccgggc,0.184615384615385
ccacacccgggcg,0.184615384615385
cacacccgggcgc,0.230769230769231
acacccgggcgca,0.307692307692308
cacccgggcgcaa,0.307692307692308
acccgggcgcaag,0.307692307692308
cccgggcgcaagt,0.307692307692308
ccgggcgcaagtg,0.307692307692308
cgggcgcaagtga,0.307692307692308
gggcgcaagtgac,0.307692307692308
ggcgcaagtgacc,0.307692307692308
gcgcaagtgacca,0.307692307692308
cgcaagtgaccac,0.307692307692308
gcaagtgaccact,0.246153846153846
caagtgaccacta,0.246153846153846
aagtgaccactat,0.246153846153846
agtgaccactata,0.307692307692308
gtgaccactataa,0.307692307692308
tgaccactataaa,0.307692307692308
gaccactataaaa,0.307692307692308
accactataaaaa,0.307692307692308
ccactataaaaaa,0.307692307692308
cactataaaaaac,0.307692307692308
actataaaaaact,0.307692307692308
ctataaaaaactc,0.307692307692308
tataaaaaactcc,0.307692307692308
ataaaaaactcct,0.230769230769231
taaaaaactcctc,0.184615384615385
aaaaaactcctct,0.184615384615385
aaaaactcctcta,0.184615384615385
aaaactcctctat,0.230769230769231
aaactcctctatg,0.230769230769231
aactcctctatgg,0.230769230769231
actcctctatggt,0.230769230769231
ctcctctatggta,0.230769230769231
tcctctatggtac,0.230769230769231
cctctatggtacc,0.230769230769231
ctctatggtacct,0.230769230769231
tctatggtaccta,0.230769230769231
ctatggtacctag,0.230769230769231
tatggtacctaga,0.230769230769231
atggtacctagaa,0.230769230769231
tggtacctagaaa,0.230769230769231
ggtacctagaaaa,0.230769230769231
gtacctagaaaac,0.230769230769231
tacctagaaaacc,0.230769230769231
acctagaaaacca,0.246153846153846
cctagaaaaccag,0.246153846153846
ctagaaaaccagc,0.246153846153846
tagaaaaccagcc,0.246153846153846
agaaaaccagcca,0.2
gaaaaccagccag,0.2
aaaaccagccagg,0.2
aaaccagccaggg,0.2
aaccagccagggg,0.184615384615385
accagccaggggg,0.184615384615385
ccagccagggggc,0.153846153846154
cagccagggggca,0.230769230769231
agccagggggcat,0.230769230769231
gccagggggcata,0.230769230769231
ccagggggcataa,0.230769230769231
cagggggcataag,0.246153846153846
agggggcataagt,0.246153846153846
gggggcataagtt,0.323076923076923
ggggcataagttt,0.323076923076923
gggcataagtttt,0.338461538461538
ggcataagttttc,0.338461538461538
gcataagttttca,0.338461538461538
cataagttttcag,0.338461538461538
ataagttttcagc,0.369230769230769
taagttttcagcg,0.369230769230769
aagttttcagcgt,0.353846153846154
agttttcagcgtt,0.353846153846154
gttttcagcgtta,0.307692307692308
ttttcagcgttaa,0.307692307692308
tttcagcgttaac,0.338461538461538
ttcagcgttaact,0.338461538461538
tcagcgttaactg,0.338461538461538
cagcgttaactga,0.338461538461538
agcgttaactgag,0.338461538461538
gcgttaactgagc,0.338461538461538
cgttaactgagcc,0.338461538461538
gttaactgagccg,0.338461538461538
ttaactgagccgt,0.261538461538462
taactgagccgtt,0.230769230769231
aactgagccgttt,0.230769230769231
actgagccgtttg,0.230769230769231
ctgagccgtttgg,0.230769230769231
tgagccgtttgga,0.230769230769231
gagccgtttggaa,0.230769230769231
agccgtttggaat,0.230769230769231
gccgtttggaata,0.276923076923077
ccgtttggaatac,0.353846153846154
cgtttggaatact,0.353846153846154
gtttggaatacta,0.353846153846154
tttggaatactaa,0.353846153846154
ttggaatactaag,0.307692307692308
tggaatactaagc,0.307692307692308
ggaatactaagct,0.307692307692308
gaatactaagctg,0.307692307692308
aatactaagctga,0.307692307692308
atactaagctgac,0.307692307692308
tactaagctgacc,0.276923076923077
actaagctgaccc,0.246153846153846
ctaagctgaccca,0.246153846153846
taagctgacccac,0.246153846153846
aagctgacccact,0.246153846153846
agctgacccacta,0.246153846153846
gctgacccactaa,0.246153846153846
ctgacccactaag,0.246153846153846
tgacccactaaga,0.246153846153846
gacccactaagaa,0.246153846153846
acccactaagaaa,0.246153846153846
cccactaagaaat,0.2
ccactaagaaata,0.276923076923077
cactaagaaatag,0.276923076923077
actaagaaataga,0.276923076923077
ctaagaaatagaa,0.276923076923077
taagaaatagaat,0.276923076923077
aagaaatagaatt,0.261538461538462
agaaatagaatta,0.261538461538462
gaaatagaattag,0.307692307692308
aaatagaattagt,0.384615384615385
aatagaattagtt,0.461538461538462
atagaattagtta,0.538461538461539
tagaattagttat,0.615384615384615
agaattagttata,0.692307692307692
gaattagttatac,0.769230769230769
aattagttatacg,0.846153846153846
attagttatacgc,0.923076923076923
ttagttatacgca,1
tagttatacgcaa,0.923076923076923
agttatacgcaag,0.846153846153846
gttatacgcaagg,0.769230769230769
ttatacgcaaggc,0.692307692307692
tatacgcaaggca,0.615384615384615
atacgcaaggcag,0.538461538461539
tacgcaaggcagt,0.461538461538462
acgcaaggcagtt,0.384615384615385
cgcaaggcagttc,0.307692307692308
gcaaggcagttca,0.307692307692308
caaggcagttcaa,0.307692307692308
aaggcagttcaac,0.338461538461538
aggcagttcaacc,0.338461538461538
ggcagttcaaccc,0.353846153846154
gcagttcaacccc,0.353846153846154
cagttcaaccccc,0.353846153846154
agttcaacccccg,0.353846153846154
gttcaacccccgt,0.276923076923077
ttcaacccccgtc,0.2
tcaacccccgtcc,0.169230769230769
caacccccgtcct,0.169230769230769
aacccccgtccta,0.184615384615385
acccccgtcctag,0.230769230769231
cccccgtcctagt,0.307692307692308
ccccgtcctagtc,0.307692307692308
cccgtcctagtcc,0.307692307692308
ccgtcctagtcca,0.307692307692308
cgtcctagtccaa,0.307692307692308
gtcctagtccaac,0.307692307692308
tcctagtccaact,0.307692307692308
cctagtccaactg,0.307692307692308
ctagtccaactgg,0.307692307692308
tagtccaactggc,0.307692307692308
agtccaactggca,0.230769230769231
gtccaactggcaa,0.230769230769231
tccaactggcaaa,0.230769230769231
ccaactggcaaag,0.230769230769231
caactggcaaagg,0.230769230769231
aactggcaaaggc,0.230769230769231
actggcaaaggca,0.261538461538462
ctggcaaaggcac,0.261538461538462
tggcaaaggcaca,0.261538461538462
ggcaaaggcacaa,0.261538461538462
gcaaaggcacaac,0.261538461538462
caaaggcacaact,0.261538461538462
aaaggcacaactc,0.261538461538462
aaggcacaactcc,0.246153846153846
aggcacaactccc,0.246153846153846
ggcacaactcccc,0.230769230769231
gcacaactcccca,0.230769230769231
cacaactccccac,0.184615384615385
acaactccccacg,0.230769230769231
caactccccacgg,0.230769230769231
aactccccacgga,0.246153846153846
actccccacggat,0.246153846153846
ctccccacggatt,0.246153846153846
tccccacggattc,0.246153846153846
ccccacggattcc,0.246153846153846
cccacggattccg,0.246153846153846
ccacggattccgt,0.246153846153846
cacggattccgta,0.246153846153846
acggattccgtaa,0.246153846153846
cggattccgtaag,0.184615384615385
ggattccgtaaga,0.184615384615385
gattccgtaagat,0.184615384615385
attccgtaagatc,0.184615384615385
ttccgtaagatca,0.184615384615385
tccgtaagatcac,0.184615384615385
ccgtaagatcact,0.184615384615385
cgtaagatcacta,0.184615384615385
gtaagatcactag,0.230769230769231
taagatcactaga,0.230769230769231
aagatcactagat,0.246153846153846
agatcactagata,0.323076923076923
gatcactagatac,0.323076923076923
atcactagataca,0.338461538461538
tcactagatacat,0.338461538461538
cactagatacata,0.338461538461538
actagatacataa,0.338461538461538
ctagatacataag,0.338461538461538
tagatacataagt,0.338461538461538
agatacataagtc,0.307692307692308
gatacataagtcg,0.307692307692308
atacataagtcgt,0.307692307692308
tacataagtcgtc,0.246153846153846
acataagtcgtcg,0.246153846153846
cataagtcgtcgt,0.246153846153846
ataagtcgtcgtc,0.246153846153846
taagtcgtcgtca,0.261538461538462
aagtcgtcgtcag,0.246153846153846
agtcgtcgtcaga,0.246153846153846
gtcgtcgtcagat,0.2
tcgtcgtcagatg,0.215384615384615
cgtcgtcagatgt,0.215384615384615
gtcgtcagatgtg,0.215384615384615
tcgtcagatgtgt,0.215384615384615
cgtcagatgtgtt,0.230769230769231
gtcagatgtgtta,0.307692307692308
tcagatgtgttac,0.307692307692308
cagatgtgttact,0.307692307692308
agatgtgttactt,0.323076923076923
gatgtgttacttc,0.323076923076923
atgtgttacttca,0.323076923076923
tgtgttacttcat,0.353846153846154
gtgttacttcatg,0.353846153846154
tgttacttcatgc,0.369230769230769
gttacttcatgca,0.384615384615385
ttacttcatgcaa,0.384615384615385
tacttcatgcaaa,0.307692307692308
acttcatgcaaaa,0.246153846153846
cttcatgcaaaat,0.246153846153846
ttcatgcaaaatc,0.246153846153846
tcatgcaaaatcc,0.246153846153846
catgcaaaatccc,0.246153846153846
atgcaaaatccca,0.246153846153846
tgcaaaatcccac,0.230769230769231
gcaaaatcccaca,0.230769230769231
caaaatcccacaa,0.2
aaaatcccacaaa,0.2
aaatcccacaaaa,0.2
aatcccacaaaaa,0.2
atcccacaaaaaa,0.2
tcccacaaaaaat,0.169230769230769
cccacaaaaaatt,0.169230769230769
ccacaaaaaatta,0.246153846153846
cacaaaaaattat,0.323076923076923
acaaaaaattatg,0.323076923076923
caaaaaattatgc,0.338461538461538
aaaaaattatgcc,0.338461538461538
aaaaattatgcca,0.369230769230769
aaaattatgccaa,0.369230769230769
aaattatgccaaa,0.369230769230769
aattatgccaaag,0.369230769230769
attatgccaaagc,0.353846153846154
ttatgccaaagcc,0.353846153846154
tatgccaaagcct,0.276923076923077
atgccaaagccta,0.2
tgccaaagcctac,0.230769230769231
gccaaagcctacg,0.307692307692308
ccaaagcctacga,0.307692307692308
caaagcctacgat,0.307692307692308
aaagcctacgatt,0.307692307692308
aagcctacgatta,0.307692307692308
agcctacgattac,0.307692307692308
gcctacgattact,0.307692307692308
cctacgattactg,0.307692307692308
ctacgattactgt,0.307692307692308
tacgattactgtc,0.307692307692308
acgattactgtca,0.246153846153846
cgattactgtcat,0.246153846153846
gattactgtcata,0.323076923076923
attactgtcatag,0.323076923076923
ttactgtcatagg,0.338461538461538
tactgtcataggt,0.338461538461538
actgtcataggtc,0.338461538461538
ctgtcataggtct,0.338461538461538
tgtcataggtctc,0.338461538461538
gtcataggtctcg,0.338461538461538
tcataggtctcgc,0.369230769230769
cataggtctcgct,0.369230769230769
ataggtctcgctt,0.369230769230769
taggtctcgcttt,0.369230769230769
aggtctcgctttt,0.292307692307692
ggtctcgcttttt,0.230769230769231
gtctcgctttttc,0.230769230769231
tctcgctttttcc,0.230769230769231
ctcgctttttcct,0.230769230769231
tcgctttttcctt,0.230769230769231
cgctttttcctta,0.261538461538462
gctttttccttaa,0.261538461538462
ctttttccttaat,0.261538461538462
tttttccttaatt,0.323076923076923
ttttccttaattc,0.323076923076923
tttccttaattcg,0.323076923076923
ttccttaattcgg,0.323076923076923
tccttaattcggt,0.323076923076923
ccttaattcggta,0.323076923076923
cttaattcggtag,0.323076923076923
ttaattcggtagg,0.323076923076923
taattcggtaggc,0.261538461538462
aattcggtaggcc,0.261538461538462
attcggtaggcca,0.261538461538462
ttcggtaggccac,0.261538461538462
tcggtaggccact,0.246153846153846
cggtaggccacta,0.246153846153846
ggtaggccactaa,0.246153846153846
gtaggccactaag,0.246153846153846
taggccactaaga,0.246153846153846
aggccactaagaa,0.184615384615385
ggccactaagaac,0.184615384615385
gccactaagaacg,0.230769230769231
ccactaagaacgc,0.307692307692308
cactaagaacgcc,0.307692307692308
actaagaacgcca,0.307692307692308
ctaagaacgccag,0.307692307692308
taagaacgccagc,0.307692307692308
aagaacgccagcc,0.307692307692308
agaacgccagcca,0.307692307692308
gaacgccagccag,0.307692307692308
aacgccagccagc,0.307692307692308
acgccagccagca,0.307692307692308
cgccagccagcac,0.230769230769231
gccagccagcact,0.230769230769231
ccagccagcactc,0.230769230769231
cagccagcactct,0.230769230769231
agccagcactctt,0.230769230769231
gccagcactctta,0.230769230769231
ccagcactcttat,0.307692307692308
cagcactcttata,0.384615384615385
agcactcttatag,0.384615384615385
gcactcttatagc,0.415384615384615
cactcttatagcg,0.415384615384615
actcttatagcga,0.415384615384615
ctcttatagcgag,0.415384615384615
tcttatagcgagg,0.415384615384615
cttatagcgaggc,0.415384615384615
ttatagcgaggct,0.415384615384615
tatagcgaggctt,0.338461538461538
atagcgaggcttg,0.261538461538462
tagcgaggcttga,0.230769230769231
agcgaggcttgaa,0.169230769230769
gcgaggcttgaag,0.169230769230769
cgaggcttgaagc,0.169230769230769
gaggcttgaagcc,0.169230769230769
aggcttgaagccc,0.169230769230769
ggcttgaagccct,0.169230769230769
gcttgaagccctt,0.169230769230769
cttgaagcccttg,0.169230769230769
ttgaagcccttgt,0.184615384615385
tgaagcccttgtg,0.184615384615385
gaagcccttgtgg,0.184615384615385
aagcccttgtggg,0.184615384615385
agcccttgtgggc,0.2
gcccttgtgggcc,0.2
cccttgtgggccg,0.2
ccttgtgggccgt,0.2
cttgtgggccgta,0.2
ttgtgggccgtag,0.230769230769231
