Subsequence,Contains
ggagcatcggaggt,0.357142857142857
gagcatcggaggtg,0.371428571428571
agcatcggaggtga,0.371428571428571
gcatcggaggtgat,0.371428571428571
catcggaggtgatg,0.371428571428571
atcggaggtgatgg,0.371428571428571
tcggaggtgatggg,0.371428571428571
cggaggtgatgggc,0.371428571428571
ggaggtgatgggca,0.371428571428571
gaggtgatgggcag,0.314285714285714
aggtgatgggcagg,0.314285714285714
ggtgatgggcaggc,0.314285714285714
gtgatgggcaggcg,0.385714285714286
tgatgggcaggcgc,0.457142857142857
gatgggcaggcgct,0.457142857142857
atgggcaggcgctc,0.457142857142857
tgggcaggcgctca,0.457142857142857
gggcaggcgctcac,0.457142857142857
ggcaggcgctcaca,0.457142857142857
gcaggcgctcacat,0.442857142857143
caggcgctcacata,0.428571428571429
aggcgctcacataa,0.428571428571429
ggcgctcacataag,0.357142857142857
gcgctcacataagc,0.285714285714286
cgctcacataagct,0.257142857142857
gctcacataagctg,0.257142857142857
ctcacataagctga,0.214285714285714
tcacataagctgat,0.214285714285714
cacataagctgatt,0.214285714285714
acataagctgattg,0.214285714285714
cataagctgattgg,0.214285714285714
ataagctgattgga,0.285714285714286
taagctgattggat,0.285714285714286
aagctgattggatt,0.285714285714286
agctgattggattc,0.285714285714286
gctgattggattcc,0.285714285714286
ctgattggattccg,0.285714285714286
tgattggattccgt,0.285714285714286
gattggattccgtc,0.285714285714286
attggattccgtcc,0.285714285714286
ttggattccgtcca,0.285714285714286
tggattccgtccaa,0.285714285714286
ggattccgtccaat,0.285714285714286
gattccgtccaatg,0.285714285714286
attccgtccaatgt,0.285714285714286
ttccgtccaatgtc,0.285714285714286
tccgtccaatgtca,0.285714285714286
ccgtccaatgtcag,0.285714285714286
cgtccaatgtcagt,0.285714285714286
gtccaatgtcagtc,0.285714285714286
tccaatgtcagtcc,0.285714285714286
ccaatgtcagtccg,0.285714285714286
caatgtcagtccgg,0.285714285714286
aatgtcagtccggc,0.228571428571429
atgtcagtccggca,0.228571428571429
tgtcagtccggcaa,0.285714285714286
gtcagtccggcaat,0.357142857142857
tcagtccggcaatg,0.357142857142857
cagtccggcaatgt,0.357142857142857
agtccggcaatgtg,0.357142857142857
gtccggcaatgtga,0.357142857142857
tccggcaatgtgag,0.357142857142857
ccggcaatgtgagt,0.357142857142857
cggcaatgtgagta,0.357142857142857
ggcaatgtgagtat,0.357142857142857
gcaatgtgagtatc,0.357142857142857
caatgtgagtatct,0.285714285714286
aatgtgagtatctt,0.242857142857143
atgtgagtatcttg,0.242857142857143
tgtgagtatcttgc,0.242857142857143
gtgagtatcttgcc,0.214285714285714
tgagtatcttgccg,0.214285714285714
gagtatcttgccgt,0.214285714285714
agtatcttgccgtg,0.214285714285714
gtatcttgccgtgg,0.214285714285714
tatcttgccgtggt,0.214285714285714
atcttgccgtggtc,0.214285714285714
tcttgccgtggtca,0.214285714285714
cttgccgtggtcaa,0.214285714285714
ttgccgtggtcaac,0.214285714285714
tgccgtggtcaacg,0.214285714285714
gccgtggtcaacgg,0.214285714285714
ccgtggtcaacgga,0.214285714285714
cgtggtcaacggac,0.214285714285714
gtggtcaacggact,0.214285714285714
tggtcaacggacta,0.214285714285714
ggtcaacggactat,0.214285714285714
gtcaacggactata,0.214285714285714
tcaacggactatag,0.214285714285714
caacggactatagt,0.214285714285714
aacggactatagtc,0.214285714285714
acggactatagtca,0.214285714285714
cggactatagtcac,0.214285714285714
ggactatagtcact,0.214285714285714
gactatagtcactc,0.228571428571429
actatagtcactcc,0.228571428571429
ctatagtcactccc,0.228571428571429
tatagtcactccct,0.228571428571429
atagtcactcccta,0.228571428571429
tagtcactccctaa,0.228571428571429
agtcactccctaag,0.228571428571429
gtcactccctaaga,0.228571428571429
tcactccctaagag,0.228571428571429
cactccctaagagc,0.228571428571429
actccctaagagcg,0.242857142857143
ctccctaagagcga,0.242857142857143
tccctaagagcgat,0.257142857142857
ccctaagagcgata,0.257142857142857
cctaagagcgatag,0.257142857142857
ctaagagcgataga,0.257142857142857
taagagcgatagag,0.257142857142857
aagagcgatagagg,0.3
agagcgatagaggg,0.3
gagcgatagaggga,0.3
agcgatagagggat,0.3
gcgatagagggatt,0.3
cgatagagggattg,0.3
gatagagggattgt,0.3
atagagggattgtg,0.3
tagagggattgtga,0.3
agagggattgtgat,0.285714285714286
gagggattgtgata,0.285714285714286
agggattgtgataa,0.214285714285714
gggattgtgataag,0.214285714285714
ggattgtgataagc,0.214285714285714
gattgtgataagcc,0.171428571428571
attgtgataagcca,0.185714285714286
ttgtgataagccag,0.185714285714286
tgtgataagccagc,0.185714285714286
gtgataagccagct,0.185714285714286
tgataagccagctc,0.185714285714286
gataagccagctct,0.185714285714286
ataagccagctcta,0.185714285714286
taagccagctctaa,0.185714285714286
aagccagctctaaa,0.185714285714286
agccagctctaaaa,0.185714285714286
gccagctctaaaaa,0.185714285714286
ccagctctaaaaat,0.214285714285714
cagctctaaaaata,0.214285714285714
agctctaaaaatag,0.214285714285714
gctctaaaaatagg,0.214285714285714
ctctaaaaataggt,0.214285714285714
tctaaaaataggtt,0.214285714285714
ctaaaaataggttt,0.214285714285714
taaaaataggtttg,0.214285714285714
aaaaataggtttgt,0.214285714285714
aaaataggtttgta,0.214285714285714
aaataggtttgtag,0.228571428571429
aataggtttgtagt,0.228571428571429
ataggtttgtagta,0.228571428571429
taggtttgtagtat,0.228571428571429
aggtttgtagtata,0.228571428571429
ggtttgtagtataa,0.228571428571429
gtttgtagtataag,0.228571428571429
tttgtagtataagg,0.228571428571429
ttgtagtataaggc,0.285714285714286
tgtagtataaggca,0.285714285714286
gtagtataaggcaa,0.285714285714286
tagtataaggcaat,0.357142857142857
agtataaggcaatg,0.357142857142857
gtataaggcaatga,0.357142857142857
tataaggcaatgaa,0.357142857142857
ataaggcaatgaaa,0.357142857142857
taaggcaatgaaac,0.357142857142857
aaggcaatgaaacc,0.357142857142857
aggcaatgaaaccc,0.357142857142857
ggcaatgaaaccct,0.357142857142857
gcaatgaaaccctc,0.357142857142857
caatgaaaccctct,0.285714285714286
aatgaaaccctctc,0.214285714285714
atgaaaccctctca,0.171428571428571
tgaaaccctctcac,0.171428571428571
gaaaccctctcaca,0.171428571428571
aaaccctctcacat,0.185714285714286
aaccctctcacatc,0.257142857142857
accctctcacatcg,0.257142857142857
ccctctcacatcga,0.257142857142857
cctctcacatcgag,0.257142857142857
ctctcacatcgagg,0.3
tctcacatcgaggt,0.3
ctcacatcgaggtt,0.3
tcacatcgaggttt,0.3
cacatcgaggtttt,0.3
acatcgaggttttc,0.3
catcgaggttttcc,0.3
atcgaggttttccg,0.3
tcgaggttttccgg,0.3
cgaggttttccggc,0.285714285714286
gaggttttccggct,0.285714285714286
aggttttccggctg,0.214285714285714
ggttttccggctgc,0.242857142857143
gttttccggctgct,0.242857142857143
ttttccggctgctg,0.242857142857143
tttccggctgctgg,0.285714285714286
ttccggctgctggc,0.314285714285714
tccggctgctggcc,0.314285714285714
ccggctgctggccc,0.328571428571429
cggctgctggccca,0.4
ggctgctggcccat,0.4
gctgctggcccatt,0.414285714285714
ctgctggcccatta,0.414285714285714
tgctggcccattag,0.342857142857143
gctggcccattaga,0.314285714285714
ctggcccattagaa,0.314285714285714
tggcccattagaaa,0.314285714285714
ggcccattagaaaa,0.314285714285714
gcccattagaaaat,0.242857142857143
cccattagaaaatt,0.214285714285714
ccattagaaaattg,0.214285714285714
cattagaaaattgt,0.214285714285714
attagaaaattgta,0.214285714285714
ttagaaaattgtag,0.228571428571429
tagaaaattgtagg,0.3
agaaaattgtaggt,0.3
gaaaattgtaggta,0.3
aaaattgtaggtat,0.3
aaattgtaggtatt,0.3
aattgtaggtattc,0.3
attgtaggtattct,0.3
ttgtaggtattctc,0.3
tgtaggtattctcc,0.3
gtaggtattctcca,0.228571428571429
taggtattctccaa,0.214285714285714
aggtattctccaat,0.285714285714286
ggtattctccaatt,0.285714285714286
gtattctccaattt,0.285714285714286
tattctccaatttc,0.285714285714286
attctccaatttca,0.285714285714286
ttctccaatttcat,0.285714285714286
tctccaatttcatg,0.285714285714286
ctccaatttcatga,0.285714285714286
tccaatttcatgag,0.285714285714286
ccaatttcatgagc,0.285714285714286
caatttcatgagct,0.285714285714286
aatttcatgagctc,0.214285714285714
atttcatgagctca,0.257142857142857
tttcatgagctcat,0.257142857142857
ttcatgagctcatg,0.257142857142857
tcatgagctcatgc,0.257142857142857
catgagctcatgcc,0.257142857142857
atgagctcatgcca,0.257142857142857
tgagctcatgccat,0.257142857142857
gagctcatgccatc,0.3
agctcatgccatcc,0.3
gctcatgccatcct,0.3
ctcatgccatcctt,0.3
tcatgccatccttg,0.3
catgccatccttga,0.3
atgccatccttgag,0.3
tgccatccttgagg,0.371428571428571
gccatccttgaggg,0.371428571428571
ccatccttgaggga,0.371428571428571
catccttgagggat,0.371428571428571
atccttgagggatt,0.371428571428571
tccttgagggattc,0.371428571428571
ccttgagggattca,0.371428571428571
cttgagggattcac,0.371428571428571
ttgagggattcaca,0.3
tgagggattcacac,0.285714285714286
gagggattcacact,0.285714285714286
agggattcacactg,0.271428571428571
gggattcacactgc,0.271428571428571
ggattcacactgcg,0.271428571428571
gattcacactgcgg,0.214285714285714
attcacactgcggt,0.214285714285714
ttcacactgcggtc,0.214285714285714
tcacactgcggtca,0.214285714285714
cacactgcggtcaa,0.228571428571429
acactgcggtcaac,0.228571428571429
cactgcggtcaacc,0.242857142857143
actgcggtcaacct,0.242857142857143
ctgcggtcaacctg,0.242857142857143
tgcggtcaacctgc,0.228571428571429
gcggtcaacctgcc,0.228571428571429
cggtcaacctgccg,0.228571428571429
ggtcaacctgccgg,0.242857142857143
gtcaacctgccggc,0.314285714285714
tcaacctgccggca,0.314285714285714
caacctgccggcaa,0.314285714285714
aacctgccggcaag,0.314285714285714
acctgccggcaaga,0.314285714285714
cctgccggcaagat,0.314285714285714
ctgccggcaagata,0.314285714285714
tgccggcaagatag,0.285714285714286
gccggcaagatagc,0.285714285714286
ccggcaagatagcc,0.285714285714286
cggcaagatagcct,0.285714285714286
ggcaagatagccta,0.285714285714286
gcaagatagcctac,0.285714285714286
caagatagcctaca,0.214285714285714
aagatagcctacaa,0.214285714285714
agatagcctacaac,0.214285714285714
gatagcctacaaca,0.214285714285714
atagcctacaacag,0.214285714285714
tagcctacaacagg,0.214285714285714
agcctacaacaggc,0.285714285714286
gcctacaacaggca,0.285714285714286
cctacaacaggcac,0.3
ctacaacaggcacc,0.3
tacaacaggcaccg,0.3
acaacaggcaccgc,0.3
caacaggcaccgcg,0.3
aacaggcaccgcgt,0.3
acaggcaccgcgtt,0.3
caggcaccgcgttg,0.3
aggcaccgcgttga,0.3
ggcaccgcgttgaa,0.228571428571429
gcaccgcgttgaaa,0.214285714285714
caccgcgttgaaat,0.228571428571429
accgcgttgaaatg,0.228571428571429
ccgcgttgaaatgg,0.228571428571429
cgcgttgaaatgga,0.285714285714286
gcgttgaaatggat,0.285714285714286
cgttgaaatggatc,0.285714285714286
gttgaaatggatct,0.285714285714286
ttgaaatggatctc,0.285714285714286
tgaaatggatctcc,0.285714285714286
gaaatggatctcct,0.285714285714286
aaatggatctcctt,0.285714285714286
aatggatctcctta,0.285714285714286
atggatctccttag,0.285714285714286
tggatctccttaga,0.285714285714286
ggatctccttagaa,0.214285714285714
gatctccttagaat,0.214285714285714
atctccttagaata,0.214285714285714
tctccttagaatat,0.214285714285714
ctccttagaatatt,0.214285714285714
tccttagaatattg,0.214285714285714
ccttagaatattgg,0.214285714285714
cttagaatattgga,0.285714285714286
ttagaatattggac,0.285714285714286
tagaatattggact,0.285714285714286
agaatattggactt,0.285714285714286
gaatattggacttc,0.285714285714286
aatattggacttcg,0.285714285714286
atattggacttcgt,0.285714285714286
tattggacttcgtg,0.285714285714286
attggacttcgtgt,0.285714285714286
ttggacttcgtgtc,0.285714285714286
tggacttcgtgtcc,0.285714285714286
ggacttcgtgtccc,0.214285714285714
gacttcgtgtcccc,0.142857142857143
acttcgtgtccccc,0.142857142857143
cttcgtgtccccca,0.157142857142857
ttcgtgtcccccaa,0.228571428571429
tcgtgtcccccaag,0.228571428571429
cgtgtcccccaaga,0.228571428571429
gtgtcccccaagaa,0.228571428571429
tgtcccccaagaac,0.228571428571429
gtcccccaagaacg,0.228571428571429
tcccccaagaacgc,0.228571428571429
cccccaagaacgca,0.285714285714286
ccccaagaacgcat,0.285714285714286
cccaagaacgcatt,0.3
ccaagaacgcattg,0.3
caagaacgcattga,0.3
aagaacgcattgag,0.3
agaacgcattgagc,0.3
gaacgcattgagct,0.3
aacgcattgagcta,0.3
acgcattgagctat,0.3
cgcattgagctatt,0.3
gcattgagctatta,0.242857142857143
cattgagctattac,0.242857142857143
attgagctattaca,0.242857142857143
ttgagctattacat,0.242857142857143
tgagctattacatc,0.242857142857143
gagctattacatct,0.242857142857143
agctattacatctt,0.228571428571429
gctattacatcttc,0.228571428571429
ctattacatcttct,0.214285714285714
tattacatcttctg,0.214285714285714
attacatcttctgg,0.285714285714286
ttacatcttctggc,0.285714285714286
tacatcttctggct,0.285714285714286
acatcttctggctc,0.285714285714286
catcttctggctca,0.3
atcttctggctcag,0.3
tcttctggctcagg,0.3
cttctggctcaggg,0.3
ttctggctcagggt,0.3
tctggctcagggtc,0.3
ctggctcagggtca,0.3
tggctcagggtcat,0.3
ggctcagggtcatt,0.3
gctcagggtcatta,0.257142857142857
ctcagggtcattaa,0.257142857142857
tcagggtcattaat,0.257142857142857
cagggtcattaata,0.257142857142857
agggtcattaatac,0.257142857142857
gggtcattaatact,0.214285714285714
ggtcattaatactc,0.214285714285714
gtcattaatactcc,0.214285714285714
tcattaatactccc,0.214285714285714
cattaatactccca,0.214285714285714
attaatactcccaa,0.228571428571429
ttaatactcccaat,0.3
taatactcccaatc,0.371428571428571
aatactcccaatcc,0.371428571428571
atactcccaatcct,0.371428571428571
tactcccaatcctg,0.371428571428571
actcccaatcctgc,0.371428571428571
ctcccaatcctgcg,0.371428571428571
tcccaatcctgcgc,0.371428571428571
cccaatcctgcgct,0.371428571428571
ccaatcctgcgcta,0.357142857142857
caatcctgcgctac,0.357142857142857
aatcctgcgctacg,0.3
atcctgcgctacgt,0.3
tcctgcgctacgta,0.3
cctgcgctacgtat,0.3
ctgcgctacgtata,0.3
tgcgctacgtatat,0.3
gcgctacgtatatt,0.3
cgctacgtatattc,0.228571428571429
gctacgtatattct,0.185714285714286
ctacgtatattctg,0.214285714285714
tacgtatattctgc,0.214285714285714
acgtatattctgcg,0.214285714285714
cgtatattctgcgc,0.285714285714286
gtatattctgcgcg,0.285714285714286
tatattctgcgcga,0.3
atattctgcgcgac,0.3
tattctgcgcgact,0.3
attctgcgcgactc,0.328571428571429
ttctgcgcgactcc,0.328571428571429
tctgcgcgactcca,0.328571428571429
ctgcgcgactccat,0.328571428571429
tgcgcgactccata,0.328571428571429
gcgcgactccatac,0.328571428571429
cgcgactccatacg,0.257142857142857
gcgactccatacgt,0.257142857142857
cgactccatacgtg,0.185714285714286
gactccatacgtgc,0.185714285714286
actccatacgtgca,0.242857142857143
ctccatacgtgcac,0.242857142857143
tccatacgtgcact,0.257142857142857
ccatacgtgcactg,0.257142857142857
catacgtgcactga,0.257142857142857
atacgtgcactgat,0.257142857142857
tacgtgcactgatt,0.257142857142857
acgtgcactgattt,0.257142857142857
cgtgcactgatttg,0.242857142857143
gtgcactgatttgt,0.242857142857143
tgcactgatttgtg,0.228571428571429
gcactgatttgtgt,0.228571428571429
cactgatttgtgta,0.214285714285714
actgatttgtgtaa,0.214285714285714
ctgatttgtgtaac,0.214285714285714
tgatttgtgtaact,0.171428571428571
gatttgtgtaacta,0.171428571428571
atttgtgtaactat,0.171428571428571
tttgtgtaactatc,0.228571428571429
ttgtgtaactatca,0.228571428571429
tgtgtaactatcac,0.228571428571429
gtgtaactatcaca,0.228571428571429
tgtaactatcacag,0.228571428571429
gtaactatcacagt,0.228571428571429
taactatcacagtg,0.228571428571429
aactatcacagtga,0.228571428571429
actatcacagtgat,0.228571428571429
ctatcacagtgata,0.228571428571429
tatcacagtgatac,0.214285714285714
atcacagtgatacc,0.214285714285714
tcacagtgataccc,0.171428571428571
cacagtgataccct,0.171428571428571
acagtgataccctc,0.157142857142857
cagtgataccctcc,0.157142857142857
agtgataccctccc,0.142857142857143
gtgataccctcccc,0.142857142857143
tgataccctccccg,0.142857142857143
gataccctccccga,0.142857142857143
ataccctccccgac,0.142857142857143
taccctccccgaca,0.171428571428571
accctccccgacaa,0.242857142857143
ccctccccgacaac,0.242857142857143
cctccccgacaact,0.242857142857143
ctccccgacaactt,0.242857142857143
tccccgacaacttc,0.242857142857143
ccccgacaacttcg,0.242857142857143
cccgacaacttcgt,0.242857142857143
ccgacaacttcgtc,0.242857142857143
cgacaacttcgtct,0.242857142857143
gacaacttcgtctg,0.214285714285714
acaacttcgtctgg,0.285714285714286
caacttcgtctggt,0.285714285714286
aacttcgtctggtc,0.285714285714286
acttcgtctggtcc,0.285714285714286
cttcgtctggtccc,0.285714285714286
ttcgtctggtcccg,0.285714285714286
tcgtctggtcccgt,0.285714285714286
cgtctggtcccgtt,0.285714285714286
gtctggtcccgtta,0.285714285714286
tctggtcccgttag,0.285714285714286
ctggtcccgttagc,0.285714285714286
tggtcccgttagct,0.214285714285714
ggtcccgttagctc,0.157142857142857
gtcccgttagctcc,0.157142857142857
tcccgttagctccc,0.157142857142857
cccgttagctcccc,0.157142857142857
ccgttagctccccc,0.157142857142857
cgttagctcccccc,0.157142857142857
gttagctccccccg,0.157142857142857
ttagctccccccga,0.157142857142857
tagctccccccgaa,0.171428571428571
agctccccccgaaa,0.228571428571429
gctccccccgaaaa,0.228571428571429
ctccccccgaaaat,0.228571428571429
tccccccgaaaatt,0.228571428571429
ccccccgaaaattt,0.228571428571429
cccccgaaaatttg,0.228571428571429
ccccgaaaatttgc,0.228571428571429
cccgaaaatttgcg,0.228571428571429
ccgaaaatttgcgg,0.228571428571429
cgaaaatttgcggg,0.228571428571429
gaaaatttgcggga,0.228571428571429
aaaatttgcgggaa,0.228571428571429
aaatttgcgggaac,0.228571428571429
aatttgcgggaaca,0.228571428571429
atttgcgggaacac,0.228571428571429
tttgcgggaacacc,0.228571428571429
ttgcgggaacaccg,0.228571428571429
tgcgggaacaccgt,0.228571428571429
gcgggaacaccgtt,0.228571428571429
cgggaacaccgttc,0.228571428571429
gggaacaccgttcc,0.214285714285714
ggaacaccgttccc,0.214285714285714
gaacaccgttccct,0.142857142857143
aacaccgttcccta,0.142857142857143
acaccgttccctac,0.142857142857143
caccgttccctact,0.142857142857143
accgttccctacta,0.142857142857143
ccgttccctactag,0.157142857142857
cgttccctactaga,0.228571428571429
gttccctactagat,0.228571428571429
ttccctactagatc,0.228571428571429
tccctactagatct,0.228571428571429
ccctactagatctc,0.228571428571429
cctactagatctct,0.228571428571429
ctactagatctctc,0.228571428571429
tactagatctctcc,0.228571428571429
actagatctctcct,0.228571428571429
ctagatctctccta,0.228571428571429
tagatctctcctat,0.214285714285714
agatctctcctatt,0.214285714285714
gatctctcctattt,0.214285714285714
atctctcctattta,0.214285714285714
tctctcctatttag,0.157142857142857
ctctcctatttagt,0.157142857142857
tctcctatttagtg,0.157142857142857
ctcctatttagtgt,0.157142857142857
tcctatttagtgtg,0.157142857142857
cctatttagtgtgt,0.157142857142857
ctatttagtgtgtg,0.157142857142857
tatttagtgtgtgg,0.214285714285714
atttagtgtgtggt,0.214285714285714
tttagtgtgtggta,0.214285714285714
ttagtgtgtggtag,0.242857142857143
tagtgtgtggtagg,0.314285714285714
agtgtgtggtaggt,0.314285714285714
gtgtgtggtaggtc,0.314285714285714
tgtgtggtaggtct,0.314285714285714
gtgtggtaggtctg,0.314285714285714
tgtggtaggtctgg,0.314285714285714
gtggtaggtctgga,0.357142857142857
tggtaggtctggag,0.428571428571429
ggtaggtctggagg,0.5
gtaggtctggaggc,0.571428571428571
taggtctggaggcg,0.642857142857143
aggtctggaggcgc,0.714285714285714
ggtctggaggcgca,0.785714285714286
gtctggaggcgcaa,0.857142857142857
tctggaggcgcaat,0.928571428571428
ctggaggcgcaatc,1
tggaggcgcaatcg,0.928571428571428
ggaggcgcaatcgg,0.857142857142857
gaggcgcaatcggt,0.785714285714286
aggcgcaatcggtc,0.714285714285714
ggcgcaatcggtca,0.642857142857143
gcgcaatcggtcaa,0.571428571428571
cgcaatcggtcaaa,0.5
gcaatcggtcaaac,0.428571428571429
caatcggtcaaact,0.357142857142857
aatcggtcaaacta,0.285714285714286
atcggtcaaactat,0.228571428571429
tcggtcaaactata,0.228571428571429
cggtcaaactataa,0.228571428571429
ggtcaaactataag,0.228571428571429
gtcaaactataagc,0.228571428571429
tcaaactataagcg,0.257142857142857
caaactataagcgc,0.328571428571429
aaactataagcgcc,0.328571428571429
aactataagcgccg,0.328571428571429
actataagcgccgg,0.328571428571429
ctataagcgccggg,0.328571428571429
tataagcgccggga,0.3
ataagcgccgggag,0.3
taagcgccgggagc,0.3
aagcgccgggagcg,0.328571428571429
agcgccgggagcgc,0.4
gcgccgggagcgct,0.4
cgccgggagcgctg,0.4
gccgggagcgctga,0.4
ccgggagcgctgat,0.4
cgggagcgctgatg,0.4
gggagcgctgatgc,0.385714285714286
ggagcgctgatgcg,0.385714285714286
gagcgctgatgcgc,0.4
agcgctgatgcgcc,0.4
gcgctgatgcgcca,0.414285714285714
cgctgatgcgccac,0.414285714285714
gctgatgcgccaca,0.414285714285714
ctgatgcgccacac,0.414285714285714
tgatgcgccacacc,0.385714285714286
gatgcgccacaccc,0.385714285714286
atgcgccacacccg,0.314285714285714
tgcgccacacccgg,0.3
gcgccacacccggg,0.3
cgccacacccgggc,0.228571428571429
gccacacccgggcg,0.285714285714286
ccacacccgggcgc,0.357142857142857
cacacccgggcgca,0.428571428571429
acacccgggcgcaa,0.5
cacccgggcgcaag,0.5
acccgggcgcaagt,0.5
cccgggcgcaagtg,0.5
ccgggcgcaagtga,0.5
cgggcgcaagtgac,0.5
gggcgcaagtgacc,0.5
ggcgcaagtgacca,0.5
gcgcaagtgaccac,0.428571428571429
cgcaagtgaccact,0.357142857142857
gcaagtgaccacta,0.285714285714286
caagtgaccactat,0.214285714285714
aagtgaccactata,0.171428571428571
agtgaccactataa,0.171428571428571
gtgaccactataaa,0.171428571428571
tgaccactataaaa,0.171428571428571
gaccactataaaaa,0.171428571428571
accactataaaaaa,0.171428571428571
ccactataaaaaac,0.171428571428571
cactataaaaaact,0.171428571428571
actataaaaaactc,0.171428571428571
ctataaaaaactcc,0.171428571428571
tataaaaaactcct,0.171428571428571
ataaaaaactcctc,0.171428571428571
taaaaaactcctct,0.171428571428571
aaaaaactcctcta,0.171428571428571
aaaaactcctctat,0.171428571428571
aaaactcctctatg,0.171428571428571
aaactcctctatgg,0.214285714285714
aactcctctatggt,0.214285714285714
actcctctatggta,0.214285714285714
ctcctctatggtac,0.214285714285714
tcctctatggtacc,0.214285714285714
cctctatggtacct,0.214285714285714
ctctatggtaccta,0.214285714285714
tctatggtacctag,0.214285714285714
ctatggtacctaga,0.228571428571429
tatggtacctagaa,0.228571428571429
atggtacctagaaa,0.228571428571429
tggtacctagaaaa,0.228571428571429
ggtacctagaaaac,0.228571428571429
gtacctagaaaacc,0.228571428571429
tacctagaaaacca,0.228571428571429
acctagaaaaccag,0.228571428571429
cctagaaaaccagc,0.228571428571429
ctagaaaaccagcc,0.228571428571429
tagaaaaccagcca,0.171428571428571
agaaaaccagccag,0.171428571428571
gaaaaccagccagg,0.214285714285714
aaaaccagccaggg,0.214285714285714
aaaccagccagggg,0.228571428571429
aaccagccaggggg,0.242857142857143
accagccagggggc,0.314285714285714
ccagccagggggca,0.314285714285714
cagccagggggcat,0.314285714285714
agccagggggcata,0.314285714285714
gccagggggcataa,0.342857142857143
ccagggggcataag,0.342857142857143
cagggggcataagt,0.342857142857143
agggggcataagtt,0.328571428571429
gggggcataagttt,0.328571428571429
ggggcataagtttt,0.3
gggcataagttttc,0.242857142857143
ggcataagttttca,0.242857142857143
gcataagttttcag,0.214285714285714
cataagttttcagc,0.142857142857143
ataagttttcagcg,0.214285714285714
taagttttcagcgt,0.214285714285714
aagttttcagcgtt,0.214285714285714
agttttcagcgtta,0.214285714285714
gttttcagcgttaa,0.214285714285714
ttttcagcgttaac,0.214285714285714
tttcagcgttaact,0.214285714285714
ttcagcgttaactg,0.214285714285714
tcagcgttaactga,0.214285714285714
cagcgttaactgag,0.242857142857143
agcgttaactgagc,0.242857142857143
gcgttaactgagcc,0.257142857142857
cgttaactgagccg,0.328571428571429
gttaactgagccgt,0.328571428571429
ttaactgagccgtt,0.328571428571429
taactgagccgttt,0.328571428571429
aactgagccgtttg,0.328571428571429
actgagccgtttgg,0.328571428571429
ctgagccgtttgga,0.328571428571429
tgagccgtttggaa,0.3
gagccgtttggaat,0.3
agccgtttggaata,0.285714285714286
gccgtttggaatac,0.285714285714286
ccgtttggaatact,0.285714285714286
cgtttggaatacta,0.285714285714286
gtttggaatactaa,0.285714285714286
tttggaatactaag,0.285714285714286
ttggaatactaagc,0.285714285714286
tggaatactaagct,0.285714285714286
ggaatactaagctg,0.228571428571429
gaatactaagctga,0.214285714285714
aatactaagctgac,0.214285714285714
atactaagctgacc,0.214285714285714
tactaagctgaccc,0.214285714285714
actaagctgaccca,0.214285714285714
ctaagctgacccac,0.214285714285714
taagctgacccact,0.214285714285714
aagctgacccacta,0.214285714285714
agctgacccactaa,0.214285714285714
gctgacccactaag,0.214285714285714
ctgacccactaaga,0.214285714285714
tgacccactaagaa,0.185714285714286
gacccactaagaaa,0.185714285714286
acccactaagaaat,0.228571428571429
cccactaagaaata,0.228571428571429
ccactaagaaatag,0.228571428571429
cactaagaaataga,0.228571428571429
actaagaaatagaa,0.228571428571429
ctaagaaatagaat,0.228571428571429
taagaaatagaatt,0.228571428571429
aagaaatagaatta,0.228571428571429
agaaatagaattag,0.228571428571429
gaaatagaattagt,0.228571428571429
aaatagaattagtt,0.214285714285714
aatagaattagtta,0.214285714285714
atagaattagttat,0.214285714285714
tagaattagttata,0.214285714285714
agaattagttatac,0.214285714285714
gaattagttatacg,0.214285714285714
aattagttatacgc,0.214285714285714
attagttatacgca,0.285714285714286
ttagttatacgcaa,0.357142857142857
tagttatacgcaag,0.357142857142857
agttatacgcaagg,0.357142857142857
gttatacgcaaggc,0.357142857142857
ttatacgcaaggca,0.357142857142857
tatacgcaaggcag,0.357142857142857
atacgcaaggcagt,0.357142857142857
tacgcaaggcagtt,0.357142857142857
acgcaaggcagttc,0.357142857142857
cgcaaggcagttca,0.357142857142857
gcaaggcagttcaa,0.285714285714286
caaggcagttcaac,0.285714285714286
aaggcagttcaacc,0.285714285714286
aggcagttcaaccc,0.285714285714286
ggcagttcaacccc,0.228571428571429
gcagttcaaccccc,0.228571428571429
cagttcaacccccg,0.228571428571429
agttcaacccccgt,0.228571428571429
gttcaacccccgtc,0.228571428571429
ttcaacccccgtcc,0.228571428571429
tcaacccccgtcct,0.228571428571429
caacccccgtccta,0.228571428571429
aacccccgtcctag,0.157142857142857
acccccgtcctagt,0.157142857142857
cccccgtcctagtc,0.157142857142857
ccccgtcctagtcc,0.157142857142857
cccgtcctagtcca,0.185714285714286
ccgtcctagtccaa,0.257142857142857
cgtcctagtccaac,0.257142857142857
gtcctagtccaact,0.257142857142857
tcctagtccaactg,0.257142857142857
cctagtccaactgg,0.285714285714286
ctagtccaactggc,0.285714285714286
tagtccaactggca,0.285714285714286
agtccaactggcaa,0.285714285714286
gtccaactggcaaa,0.285714285714286
tccaactggcaaag,0.285714285714286
ccaactggcaaagg,0.285714285714286
caactggcaaaggc,0.285714285714286
aactggcaaaggca,0.285714285714286
actggcaaaggcac,0.3
ctggcaaaggcaca,0.371428571428571
tggcaaaggcacaa,0.442857142857143
ggcaaaggcacaac,0.442857142857143
gcaaaggcacaact,0.442857142857143
caaaggcacaactc,0.471428571428571
aaaggcacaactcc,0.471428571428571
aaggcacaactccc,0.471428571428571
aggcacaactcccc,0.471428571428571
ggcacaactcccca,0.4
gcacaactccccac,0.328571428571429
cacaactccccacg,0.257142857142857
acaactccccacgg,0.242857142857143
caactccccacgga,0.242857142857143
aactccccacggat,0.214285714285714
actccccacggatt,0.214285714285714
ctccccacggattc,0.242857142857143
tccccacggattcc,0.242857142857143
ccccacggattccg,0.242857142857143
cccacggattccgt,0.242857142857143
ccacggattccgta,0.242857142857143
cacggattccgtaa,0.242857142857143
acggattccgtaag,0.242857142857143
cggattccgtaaga,0.242857142857143
ggattccgtaagat,0.228571428571429
gattccgtaagatc,0.228571428571429
attccgtaagatca,0.228571428571429
ttccgtaagatcac,0.228571428571429
tccgtaagatcact,0.228571428571429
ccgtaagatcacta,0.228571428571429
cgtaagatcactag,0.228571428571429
gtaagatcactaga,0.228571428571429
taagatcactagat,0.228571428571429
aagatcactagata,0.228571428571429
agatcactagatac,0.228571428571429
gatcactagataca,0.228571428571429
atcactagatacat,0.228571428571429
tcactagatacata,0.228571428571429
cactagatacataa,0.228571428571429
actagatacataag,0.228571428571429
ctagatacataagt,0.228571428571429
tagatacataagtc,0.171428571428571
agatacataagtcg,0.228571428571429
gatacataagtcgt,0.228571428571429
atacataagtcgtc,0.228571428571429
tacataagtcgtcg,0.228571428571429
acataagtcgtcgt,0.228571428571429
cataagtcgtcgtc,0.228571428571429
ataagtcgtcgtca,0.228571428571429
taagtcgtcgtcag,0.228571428571429
aagtcgtcgtcaga,0.228571428571429
agtcgtcgtcagat,0.228571428571429
gtcgtcgtcagatg,0.214285714285714
tcgtcgtcagatgt,0.214285714285714
cgtcgtcagatgtg,0.214285714285714
gtcgtcagatgtgt,0.214285714285714
tcgtcagatgtgtt,0.2
cgtcagatgtgtta,0.2
gtcagatgtgttac,0.171428571428571
tcagatgtgttact,0.171428571428571
cagatgtgttactt,0.171428571428571
agatgtgttacttc,0.171428571428571
gatgtgttacttca,0.171428571428571
atgtgttacttcat,0.142857142857143
tgtgttacttcatg,0.142857142857143
gtgttacttcatgc,0.185714285714286
tgttacttcatgca,0.214285714285714
gttacttcatgcaa,0.285714285714286
ttacttcatgcaaa,0.285714285714286
tacttcatgcaaaa,0.285714285714286
acttcatgcaaaat,0.285714285714286
cttcatgcaaaatc,0.357142857142857
ttcatgcaaaatcc,0.328571428571429
tcatgcaaaatccc,0.328571428571429
catgcaaaatccca,0.328571428571429
atgcaaaatcccac,0.328571428571429
tgcaaaatcccaca,0.314285714285714
gcaaaatcccacaa,0.314285714285714
caaaatcccacaaa,0.285714285714286
aaaatcccacaaaa,0.285714285714286
aaatcccacaaaaa,0.285714285714286
aatcccacaaaaaa,0.285714285714286
atcccacaaaaaat,0.228571428571429
tcccacaaaaaatt,0.228571428571429
cccacaaaaaatta,0.228571428571429
ccacaaaaaattat,0.228571428571429
cacaaaaaattatg,0.228571428571429
acaaaaaattatgc,0.214285714285714
caaaaaattatgcc,0.214285714285714
aaaaaattatgcca,0.214285714285714
aaaaattatgccaa,0.257142857142857
aaaattatgccaaa,0.257142857142857
aaattatgccaaag,0.257142857142857
aattatgccaaagc,0.257142857142857
attatgccaaagcc,0.257142857142857
ttatgccaaagcct,0.257142857142857
tatgccaaagccta,0.257142857142857
atgccaaagcctac,0.257142857142857
tgccaaagcctacg,0.242857142857143
gccaaagcctacga,0.242857142857143
ccaaagcctacgat,0.214285714285714
caaagcctacgatt,0.214285714285714
aaagcctacgatta,0.157142857142857
aagcctacgattac,0.157142857142857
agcctacgattact,0.157142857142857
gcctacgattactg,0.214285714285714
cctacgattactgt,0.214285714285714
ctacgattactgtc,0.214285714285714
tacgattactgtca,0.214285714285714
acgattactgtcat,0.214285714285714
cgattactgtcata,0.214285714285714
gattactgtcatag,0.214285714285714
attactgtcatagg,0.214285714285714
ttactgtcataggt,0.214285714285714
tactgtcataggtc,0.214285714285714
actgtcataggtct,0.214285714285714
ctgtcataggtctc,0.214285714285714
tgtcataggtctcg,0.214285714285714
gtcataggtctcgc,0.214285714285714
tcataggtctcgct,0.214285714285714
cataggtctcgctt,0.214285714285714
ataggtctcgcttt,0.214285714285714
taggtctcgctttt,0.214285714285714
aggtctcgcttttt,0.214285714285714
ggtctcgctttttc,0.214285714285714
gtctcgctttttcc,0.214285714285714
tctcgctttttcct,0.214285714285714
ctcgctttttcctt,0.214285714285714
tcgctttttcctta,0.214285714285714
cgctttttccttaa,0.214285714285714
gctttttccttaat,0.214285714285714
ctttttccttaatt,0.214285714285714
tttttccttaattc,0.214285714285714
ttttccttaattcg,0.214285714285714
tttccttaattcgg,0.214285714285714
ttccttaattcggt,0.214285714285714
tccttaattcggta,0.214285714285714
ccttaattcggtag,0.214285714285714
cttaattcggtagg,0.242857142857143
ttaattcggtaggc,0.314285714285714
taattcggtaggcc,0.314285714285714
aattcggtaggcca,0.342857142857143
attcggtaggccac,0.342857142857143
ttcggtaggccact,0.357142857142857
tcggtaggccacta,0.357142857142857
cggtaggccactaa,0.357142857142857
ggtaggccactaag,0.357142857142857
gtaggccactaaga,0.342857142857143
taggccactaagaa,0.328571428571429
aggccactaagaac,0.328571428571429
ggccactaagaacg,0.257142857142857
gccactaagaacgc,0.214285714285714
ccactaagaacgcc,0.214285714285714
cactaagaacgcca,0.228571428571429
actaagaacgccag,0.228571428571429
ctaagaacgccagc,0.242857142857143
taagaacgccagcc,0.242857142857143
aagaacgccagcca,0.242857142857143
agaacgccagccag,0.242857142857143
gaacgccagccagc,0.242857142857143
aacgccagccagca,0.257142857142857
acgccagccagcac,0.257142857142857
cgccagccagcact,0.271428571428571
gccagccagcactc,0.342857142857143
ccagccagcactct,0.342857142857143
cagccagcactctt,0.342857142857143
agccagcactctta,0.342857142857143
gccagcactcttat,0.3
ccagcactcttata,0.3
cagcactcttatag,0.3
agcactcttatagc,0.3
gcactcttatagcg,0.3
cactcttatagcga,0.228571428571429
actcttatagcgag,0.214285714285714
ctcttatagcgagg,0.285714285714286
tcttatagcgaggc,0.357142857142857
cttatagcgaggct,0.357142857142857
ttatagcgaggctt,0.357142857142857
tatagcgaggcttg,0.357142857142857
atagcgaggcttga,0.357142857142857
tagcgaggcttgaa,0.357142857142857
agcgaggcttgaag,0.357142857142857
gcgaggcttgaagc,0.357142857142857
cgaggcttgaagcc,0.357142857142857
gaggcttgaagccc,0.357142857142857
aggcttgaagccct,0.328571428571429
ggcttgaagccctt,0.328571428571429
gcttgaagcccttg,0.328571428571429
cttgaagcccttgt,0.328571428571429
ttgaagcccttgtg,0.257142857142857
tgaagcccttgtgg,0.242857142857143
gaagcccttgtggg,0.242857142857143
aagcccttgtgggc,0.271428571428571
agcccttgtgggcc,0.271428571428571
gcccttgtgggccg,0.271428571428571
cccttgtgggccgt,0.271428571428571
ccttgtgggccgta,0.271428571428571
cttgtgggccgtag,0.271428571428571
