Subsequence,Contains
ggagcatcggaggtga,0.2125
gagcatcggaggtgat,0.2125
agcatcggaggtgatg,0.2125
gcatcggaggtgatgg,0.2125
catcggaggtgatggg,0.1875
atcggaggtgatgggc,0.1875
tcggaggtgatgggca,0.25
cggaggtgatgggcag,0.25
ggaggtgatgggcagg,0.25
gaggtgatgggcaggc,0.25
aggtgatgggcaggcg,0.25
ggtgatgggcaggcgc,0.25
gtgatgggcaggcgct,0.25
tgatgggcaggcgctc,0.25
gatgggcaggcgctca,0.25
atgggcaggcgctcac,0.25
tgggcaggcgctcaca,0.25
gggcaggcgctcacat,0.25
ggcaggcgctcacata,0.25
gcaggcgctcacataa,0.2
caggcgctcacataag,0.2375
aggcgctcacataagc,0.2375
ggcgctcacataagct,0.2375
gcgctcacataagctg,0.2375
cgctcacataagctga,0.2375
gctcacataagctgat,0.2375
ctcacataagctgatt,0.2375
tcacataagctgattg,0.2125
cacataagctgattgg,0.2125
acataagctgattgga,0.2125
cataagctgattggat,0.2125
ataagctgattggatt,0.2125
taagctgattggattc,0.2125
aagctgattggattcc,0.2125
agctgattggattccg,0.2
gctgattggattccgt,0.2
ctgattggattccgtc,0.2
tgattggattccgtcc,0.25
gattggattccgtcca,0.3125
attggattccgtccaa,0.375
ttggattccgtccaat,0.375
tggattccgtccaatg,0.4
ggattccgtccaatgt,0.4
gattccgtccaatgtc,0.4125
attccgtccaatgtca,0.475
ttccgtccaatgtcag,0.475
tccgtccaatgtcagt,0.475
ccgtccaatgtcagtc,0.475
cgtccaatgtcagtcc,0.475
gtccaatgtcagtccg,0.475
tccaatgtcagtccgg,0.4125
ccaatgtcagtccggc,0.35
caatgtcagtccggca,0.3
aatgtcagtccggcaa,0.3625
atgtcagtccggcaat,0.3625
tgtcagtccggcaatg,0.375
gtcagtccggcaatgt,0.375
tcagtccggcaatgtg,0.3375
cagtccggcaatgtga,0.3375
agtccggcaatgtgag,0.3375
gtccggcaatgtgagt,0.3375
tccggcaatgtgagta,0.3375
ccggcaatgtgagtat,0.3375
cggcaatgtgagtatc,0.325
ggcaatgtgagtatct,0.325
gcaatgtgagtatctt,0.2625
caatgtgagtatcttg,0.2125
aatgtgagtatcttgc,0.2125
atgtgagtatcttgcc,0.2125
tgtgagtatcttgccg,0.2125
gtgagtatcttgccgt,0.2125
tgagtatcttgccgtg,0.2125
gagtatcttgccgtgg,0.2125
agtatcttgccgtggt,0.2125
gtatcttgccgtggtc,0.2125
tatcttgccgtggtca,0.2125
atcttgccgtggtcaa,0.275
tcttgccgtggtcaac,0.275
cttgccgtggtcaacg,0.2875
ttgccgtggtcaacgg,0.35
tgccgtggtcaacgga,0.35
gccgtggtcaacggac,0.35
ccgtggtcaacggact,0.35
cgtggtcaacggacta,0.35
gtggtcaacggactat,0.35
tggtcaacggactata,0.35
ggtcaacggactatag,0.3375
gtcaacggactatagt,0.3375
tcaacggactatagtc,0.3125
caacggactatagtca,0.3125
aacggactatagtcac,0.25
acggactatagtcact,0.1875
cggactatagtcactc,0.1875
ggactatagtcactcc,0.1875
gactatagtcactccc,0.1875
actatagtcactccct,0.1875
ctatagtcactcccta,0.1875
tatagtcactccctaa,0.225
atagtcactccctaag,0.2875
tagtcactccctaaga,0.2875
agtcactccctaagag,0.2875
gtcactccctaagagc,0.2875
tcactccctaagagcg,0.2875
cactccctaagagcga,0.2875
actccctaagagcgat,0.2875
ctccctaagagcgata,0.225
tccctaagagcgatag,0.2
ccctaagagcgataga,0.2
cctaagagcgatagag,0.2
ctaagagcgatagagg,0.2
taagagcgatagaggg,0.2
aagagcgatagaggga,0.2
agagcgatagagggat,0.2
gagcgatagagggatt,0.2
agcgatagagggattg,0.2
gcgatagagggattgt,0.2
cgatagagggattgtg,0.2
gatagagggattgtga,0.2
atagagggattgtgat,0.2
tagagggattgtgata,0.2
agagggattgtgataa,0.2
gagggattgtgataag,0.1875
agggattgtgataagc,0.1875
gggattgtgataagcc,0.1875
ggattgtgataagcca,0.1875
gattgtgataagccag,0.1875
attgtgataagccagc,0.2
ttgtgataagccagct,0.2625
tgtgataagccagctc,0.2625
gtgataagccagctct,0.2625
tgataagccagctcta,0.2625
gataagccagctctaa,0.2625
ataagccagctctaaa,0.2625
taagccagctctaaaa,0.3
aagccagctctaaaaa,0.3
agccagctctaaaaat,0.3
gccagctctaaaaata,0.3
ccagctctaaaaatag,0.3
cagctctaaaaatagg,0.2375
agctctaaaaataggt,0.2125
gctctaaaaataggtt,0.2125
ctctaaaaataggttt,0.2125
tctaaaaataggtttg,0.2125
ctaaaaataggtttgt,0.2125
taaaaataggtttgta,0.2125
aaaaataggtttgtag,0.2125
aaaataggtttgtagt,0.2125
aaataggtttgtagta,0.2125
aataggtttgtagtat,0.2125
ataggtttgtagtata,0.2
taggtttgtagtataa,0.1875
aggtttgtagtataag,0.1875
ggtttgtagtataagg,0.25
gtttgtagtataaggc,0.25
tttgtagtataaggca,0.25
ttgtagtataaggcaa,0.3125
tgtagtataaggcaat,0.3125
gtagtataaggcaatg,0.325
tagtataaggcaatga,0.325
agtataaggcaatgaa,0.325
gtataaggcaatgaaa,0.325
tataaggcaatgaaac,0.325
ataaggcaatgaaacc,0.325
taaggcaatgaaaccc,0.325
aaggcaatgaaaccct,0.325
aggcaatgaaaccctc,0.325
ggcaatgaaaccctct,0.325
gcaatgaaaccctctc,0.2625
caatgaaaccctctca,0.2125
aatgaaaccctctcac,0.1875
atgaaaccctctcaca,0.1875
tgaaaccctctcacat,0.1875
gaaaccctctcacatc,0.1875
aaaccctctcacatcg,0.1875
aaccctctcacatcga,0.1875
accctctcacatcgag,0.175
ccctctcacatcgagg,0.1875
cctctcacatcgaggt,0.1875
ctctcacatcgaggtt,0.1875
tctcacatcgaggttt,0.1875
ctcacatcgaggtttt,0.1875
tcacatcgaggttttc,0.1875
cacatcgaggttttcc,0.1875
acatcgaggttttccg,0.1875
catcgaggttttccgg,0.1875
atcgaggttttccggc,0.2
tcgaggttttccggct,0.2125
cgaggttttccggctg,0.275
gaggttttccggctgc,0.275
aggttttccggctgct,0.275
ggttttccggctgctg,0.275
gttttccggctgctgg,0.275
ttttccggctgctggc,0.3125
tttccggctgctggcc,0.3125
ttccggctgctggccc,0.3125
tccggctgctggccca,0.3125
ccggctgctggcccat,0.3125
cggctgctggcccatt,0.3125
ggctgctggcccatta,0.3125
gctgctggcccattag,0.3125
ctgctggcccattaga,0.3125
tgctggcccattagaa,0.3125
gctggcccattagaaa,0.3125
ctggcccattagaaaa,0.3125
tggcccattagaaaat,0.3125
ggcccattagaaaatt,0.3125
gcccattagaaaattg,0.3
cccattagaaaattgt,0.3
ccattagaaaattgta,0.25
cattagaaaattgtag,0.225
attagaaaattgtagg,0.225
ttagaaaattgtaggt,0.2125
tagaaaattgtaggta,0.2125
agaaaattgtaggtat,0.2
gaaaattgtaggtatt,0.2
aaaattgtaggtattc,0.2
aaattgtaggtattct,0.2
aattgtaggtattctc,0.2
attgtaggtattctcc,0.1875
ttgtaggtattctcca,0.25
tgtaggtattctccaa,0.3125
gtaggtattctccaat,0.3125
taggtattctccaatt,0.325
aggtattctccaattt,0.325
ggtattctccaatttc,0.325
gtattctccaatttca,0.325
tattctccaatttcat,0.325
attctccaatttcatg,0.325
ttctccaatttcatga,0.325
tctccaatttcatgag,0.325
ctccaatttcatgagc,0.325
tccaatttcatgagct,0.325
ccaatttcatgagctc,0.2625
caatttcatgagctca,0.2
aatttcatgagctcat,0.15
atttcatgagctcatg,0.15
tttcatgagctcatgc,0.15
ttcatgagctcatgcc,0.15
tcatgagctcatgcca,0.2
catgagctcatgccat,0.2
atgagctcatgccatc,0.2
tgagctcatgccatcc,0.2
gagctcatgccatcct,0.2
agctcatgccatcctt,0.2
gctcatgccatccttg,0.2
ctcatgccatccttga,0.2
tcatgccatccttgag,0.2
catgccatccttgagg,0.2
atgccatccttgaggg,0.2
tgccatccttgaggga,0.2
gccatccttgagggat,0.2
ccatccttgagggatt,0.2
catccttgagggattc,0.1875
atccttgagggattca,0.1875
tccttgagggattcac,0.1875
ccttgagggattcaca,0.1875
cttgagggattcacac,0.1875
ttgagggattcacact,0.225
tgagggattcacactg,0.2875
gagggattcacactgc,0.2875
agggattcacactgcg,0.2875
gggattcacactgcgg,0.2875
ggattcacactgcggt,0.2875
gattcacactgcggtc,0.2875
attcacactgcggtca,0.2875
ttcacactgcggtcaa,0.2875
tcacactgcggtcaac,0.275
cacactgcggtcaacc,0.275
acactgcggtcaacct,0.275
cactgcggtcaacctg,0.3375
actgcggtcaacctgc,0.3375
ctgcggtcaacctgcc,0.35
tgcggtcaacctgccg,0.35
gcggtcaacctgccgg,0.35
cggtcaacctgccggc,0.35
ggtcaacctgccggca,0.35
gtcaacctgccggcaa,0.35
tcaacctgccggcaag,0.35
caacctgccggcaaga,0.35
aacctgccggcaagat,0.35
acctgccggcaagata,0.35
cctgccggcaagatag,0.35
ctgccggcaagatagc,0.325
tgccggcaagatagcc,0.325
gccggcaagatagcct,0.325
ccggcaagatagccta,0.325
cggcaagatagcctac,0.3125
ggcaagatagcctaca,0.3125
gcaagatagcctacaa,0.25
caagatagcctacaac,0.2625
aagatagcctacaaca,0.2625
agatagcctacaacag,0.275
gatagcctacaacagg,0.3375
atagcctacaacaggc,0.4
tagcctacaacaggca,0.4625
agcctacaacaggcac,0.4625
gcctacaacaggcacc,0.4625
cctacaacaggcaccg,0.4625
ctacaacaggcaccgc,0.4625
tacaacaggcaccgcg,0.4625
acaacaggcaccgcgt,0.45
caacaggcaccgcgtt,0.45
aacaggcaccgcgttg,0.3875
acaggcaccgcgttga,0.325
caggcaccgcgttgaa,0.2625
aggcaccgcgttgaaa,0.25
ggcaccgcgttgaaat,0.25
gcaccgcgttgaaatg,0.225
caccgcgttgaaatgg,0.2875
accgcgttgaaatgga,0.2875
ccgcgttgaaatggat,0.2875
cgcgttgaaatggatc,0.2875
gcgttgaaatggatct,0.2875
cgttgaaatggatctc,0.2875
gttgaaatggatctcc,0.2875
ttgaaatggatctcct,0.2625
tgaaatggatctcctt,0.2625
gaaatggatctcctta,0.2625
aaatggatctccttag,0.2625
aatggatctccttaga,0.2125
atggatctccttagaa,0.1875
tggatctccttagaat,0.1875
ggatctccttagaata,0.1875
gatctccttagaatat,0.1875
atctccttagaatatt,0.1875
tctccttagaatattg,0.1875
ctccttagaatattgg,0.2
tccttagaatattgga,0.2
ccttagaatattggac,0.2
cttagaatattggact,0.2
ttagaatattggactt,0.2
tagaatattggacttc,0.2
agaatattggacttcg,0.2
gaatattggacttcgt,0.2
aatattggacttcgtg,0.2
atattggacttcgtgt,0.2
tattggacttcgtgtc,0.2
attggacttcgtgtcc,0.25
ttggacttcgtgtccc,0.25
tggacttcgtgtcccc,0.25
ggacttcgtgtccccc,0.25
gacttcgtgtccccca,0.25
acttcgtgtcccccaa,0.25
cttcgtgtcccccaag,0.25
ttcgtgtcccccaaga,0.25
tcgtgtcccccaagaa,0.25
cgtgtcccccaagaac,0.25
gtgtcccccaagaacg,0.25
tgtcccccaagaacgc,0.25
gtcccccaagaacgca,0.25
tcccccaagaacgcat,0.25
cccccaagaacgcatt,0.25
ccccaagaacgcattg,0.25
cccaagaacgcattga,0.25
ccaagaacgcattgag,0.25
caagaacgcattgagc,0.1875
aagaacgcattgagct,0.1875
agaacgcattgagcta,0.1875
gaacgcattgagctat,0.1875
aacgcattgagctatt,0.1875
acgcattgagctatta,0.1875
cgcattgagctattac,0.1875
gcattgagctattaca,0.1875
cattgagctattacat,0.175
attgagctattacatc,0.175
ttgagctattacatct,0.2125
tgagctattacatctt,0.2125
gagctattacatcttc,0.2125
agctattacatcttct,0.2125
gctattacatcttctg,0.2125
ctattacatcttctgg,0.25
tattacatcttctggc,0.3125
attacatcttctggct,0.3125
ttacatcttctggctc,0.3125
tacatcttctggctca,0.3125
acatcttctggctcag,0.3375
catcttctggctcagg,0.4
atcttctggctcaggg,0.4
tcttctggctcagggt,0.4
cttctggctcagggtc,0.4
ttctggctcagggtca,0.4
tctggctcagggtcat,0.4
ctggctcagggtcatt,0.4
tggctcagggtcatta,0.3375
ggctcagggtcattaa,0.275
gctcagggtcattaat,0.2125
ctcagggtcattaata,0.1875
tcagggtcattaatac,0.1875
cagggtcattaatact,0.1875
agggtcattaatactc,0.1875
gggtcattaatactcc,0.1875
ggtcattaatactccc,0.1875
gtcattaatactccca,0.2125
tcattaatactcccaa,0.275
cattaatactcccaat,0.275
attaatactcccaatc,0.275
ttaatactcccaatcc,0.275
taatactcccaatcct,0.275
aatactcccaatcctg,0.275
atactcccaatcctgc,0.275
tactcccaatcctgcg,0.275
actcccaatcctgcgc,0.275
ctcccaatcctgcgct,0.2625
tcccaatcctgcgcta,0.275
cccaatcctgcgctac,0.275
ccaatcctgcgctacg,0.2875
caatcctgcgctacgt,0.2375
aatcctgcgctacgta,0.2375
atcctgcgctacgtat,0.2375
tcctgcgctacgtata,0.2375
cctgcgctacgtatat,0.2375
ctgcgctacgtatatt,0.2375
tgcgctacgtatattc,0.175
gcgctacgtatattct,0.15
cgctacgtatattctg,0.1875
gctacgtatattctgc,0.1875
ctacgtatattctgcg,0.1875
tacgtatattctgcgc,0.2125
acgtatattctgcgcg,0.2125
cgtatattctgcgcga,0.225
gtatattctgcgcgac,0.225
tatattctgcgcgact,0.225
atattctgcgcgactc,0.225
tattctgcgcgactcc,0.225
attctgcgcgactcca,0.25
ttctgcgcgactccat,0.25
tctgcgcgactccata,0.25
ctgcgcgactccatac,0.275
tgcgcgactccatacg,0.275
gcgcgactccatacgt,0.275
cgcgactccatacgtg,0.3
gcgactccatacgtgc,0.3
cgactccatacgtgca,0.3625
gactccatacgtgcac,0.3625
actccatacgtgcact,0.3625
ctccatacgtgcactg,0.3625
tccatacgtgcactga,0.3625
ccatacgtgcactgat,0.3
catacgtgcactgatt,0.2875
atacgtgcactgattt,0.2875
tacgtgcactgatttg,0.2875
acgtgcactgatttgt,0.2875
cgtgcactgatttgtg,0.2875
gtgcactgatttgtgt,0.2875
tgcactgatttgtgta,0.25
gcactgatttgtgtaa,0.25
cactgatttgtgtaac,0.25
actgatttgtgtaact,0.275
ctgatttgtgtaacta,0.275
tgatttgtgtaactat,0.275
gatttgtgtaactatc,0.275
atttgtgtaactatca,0.3
tttgtgtaactatcac,0.3
ttgtgtaactatcaca,0.3125
tgtgtaactatcacag,0.375
gtgtaactatcacagt,0.375
tgtaactatcacagtg,0.35
gtaactatcacagtga,0.35
taactatcacagtgat,0.35
aactatcacagtgata,0.35
actatcacagtgatac,0.2875
ctatcacagtgatacc,0.225
tatcacagtgataccc,0.2
atcacagtgataccct,0.2
tcacagtgataccctc,0.2
cacagtgataccctcc,0.2
acagtgataccctccc,0.1875
cagtgataccctcccc,0.1875
agtgataccctccccg,0.1875
gtgataccctccccga,0.1875
tgataccctccccgac,0.2
gataccctccccgaca,0.2
ataccctccccgacaa,0.2125
taccctccccgacaac,0.25
accctccccgacaact,0.3125
ccctccccgacaactt,0.3125
cctccccgacaacttc,0.3125
ctccccgacaacttcg,0.3125
tccccgacaacttcgt,0.3125
ccccgacaacttcgtc,0.3125
cccgacaacttcgtct,0.3125
ccgacaacttcgtctg,0.3125
cgacaacttcgtctgg,0.3125
gacaacttcgtctggt,0.3125
acaacttcgtctggtc,0.3125
caacttcgtctggtcc,0.3125
aacttcgtctggtccc,0.25
acttcgtctggtcccg,0.25
cttcgtctggtcccgt,0.25
ttcgtctggtcccgtt,0.25
tcgtctggtcccgtta,0.25
cgtctggtcccgttag,0.25
gtctggtcccgttagc,0.25
tctggtcccgttagct,0.25
ctggtcccgttagctc,0.25
tggtcccgttagctcc,0.25
ggtcccgttagctccc,0.25
gtcccgttagctcccc,0.25
tcccgttagctccccc,0.1875
cccgttagctcccccc,0.1875
ccgttagctccccccg,0.1875
cgttagctccccccga,0.1875
gttagctccccccgaa,0.1875
ttagctccccccgaaa,0.1875
tagctccccccgaaaa,0.2
agctccccccgaaaat,0.2
gctccccccgaaaatt,0.2
ctccccccgaaaattt,0.2
tccccccgaaaatttg,0.2
ccccccgaaaatttgc,0.2125
cccccgaaaatttgcg,0.2125
ccccgaaaatttgcgg,0.2125
cccgaaaatttgcggg,0.2125
ccgaaaatttgcggga,0.2125
cgaaaatttgcgggaa,0.2125
gaaaatttgcgggaac,0.2125
aaaatttgcgggaaca,0.2125
aaatttgcgggaacac,0.2125
aatttgcgggaacacc,0.2125
atttgcgggaacaccg,0.2
tttgcgggaacaccgt,0.2
ttgcgggaacaccgtt,0.2
tgcgggaacaccgttc,0.2
gcgggaacaccgttcc,0.2
cgggaacaccgttccc,0.2
gggaacaccgttccct,0.2
ggaacaccgttcccta,0.1875
gaacaccgttccctac,0.2
aacaccgttccctact,0.2625
acaccgttccctacta,0.2625
caccgttccctactag,0.275
accgttccctactaga,0.275
ccgttccctactagat,0.275
cgttccctactagatc,0.275
gttccctactagatct,0.275
ttccctactagatctc,0.275
tccctactagatctct,0.275
ccctactagatctctc,0.275
cctactagatctctcc,0.275
ctactagatctctcct,0.2125
tactagatctctccta,0.2
actagatctctcctat,0.2
ctagatctctcctatt,0.2125
tagatctctcctattt,0.2125
agatctctcctattta,0.2125
gatctctcctatttag,0.2125
atctctcctatttagt,0.2125
tctctcctatttagtg,0.2125
ctctcctatttagtgt,0.2125
tctcctatttagtgtg,0.2125
ctcctatttagtgtgt,0.2125
tcctatttagtgtgtg,0.2125
cctatttagtgtgtgg,0.1875
ctatttagtgtgtggt,0.1875
tatttagtgtgtggta,0.2
atttagtgtgtggtag,0.2
tttagtgtgtggtagg,0.2
ttagtgtgtggtaggt,0.2
tagtgtgtggtaggtc,0.2
agtgtgtggtaggtct,0.2
gtgtgtggtaggtctg,0.2
tgtgtggtaggtctgg,0.25
gtgtggtaggtctgga,0.25
tgtggtaggtctggag,0.25
gtggtaggtctggagg,0.25
tggtaggtctggaggc,0.25
ggtaggtctggaggcg,0.25
gtaggtctggaggcgc,0.25
taggtctggaggcgca,0.25
aggtctggaggcgcaa,0.25
ggtctggaggcgcaat,0.25
gtctggaggcgcaatc,0.25
tctggaggcgcaatcg,0.25
ctggaggcgcaatcgg,0.25
tggaggcgcaatcggt,0.25
ggaggcgcaatcggtc,0.25
gaggcgcaatcggtca,0.25
aggcgcaatcggtcaa,0.3
ggcgcaatcggtcaaa,0.3625
gcgcaatcggtcaaac,0.3625
cgcaatcggtcaaact,0.3875
gcaatcggtcaaacta,0.3875
caatcggtcaaactat,0.3875
aatcggtcaaactata,0.3875
atcggtcaaactataa,0.3875
tcggtcaaactataag,0.3875
cggtcaaactataagc,0.3875
ggtcaaactataagcg,0.3875
gtcaaactataagcgc,0.3875
tcaaactataagcgcc,0.325
caaactataagcgccg,0.2625
aaactataagcgccgg,0.25
aactataagcgccggg,0.25
actataagcgccggga,0.1875
ctataagcgccgggag,0.1875
tataagcgccgggagc,0.1875
ataagcgccgggagcg,0.1875
taagcgccgggagcgc,0.1875
aagcgccgggagcgct,0.1875
agcgccgggagcgctg,0.1875
gcgccgggagcgctga,0.1875
cgccgggagcgctgat,0.1875
gccgggagcgctgatg,0.1875
ccgggagcgctgatgc,0.1875
cgggagcgctgatgcg,0.1875
gggagcgctgatgcgc,0.1875
ggagcgctgatgcgcc,0.1875
gagcgctgatgcgcca,0.1875
agcgctgatgcgccac,0.1875
gcgctgatgcgccaca,0.1875
cgctgatgcgccacac,0.2125
gctgatgcgccacacc,0.2125
ctgatgcgccacaccc,0.2125
tgatgcgccacacccg,0.2125
gatgcgccacacccgg,0.2125
atgcgccacacccggg,0.2125
tgcgccacacccgggc,0.2125
gcgccacacccgggcg,0.2125
cgccacacccgggcgc,0.2125
gccacacccgggcgca,0.2125
ccacacccgggcgcaa,0.25
cacacccgggcgcaag,0.25
acacccgggcgcaagt,0.25
cacccgggcgcaagtg,0.2625
acccgggcgcaagtga,0.2625
cccgggcgcaagtgac,0.275
ccgggcgcaagtgacc,0.275
cgggcgcaagtgacca,0.2875
gggcgcaagtgaccac,0.2875
ggcgcaagtgaccact,0.2875
gcgcaagtgaccacta,0.2875
cgcaagtgaccactat,0.2875
gcaagtgaccactata,0.2875
caagtgaccactataa,0.2875
aagtgaccactataaa,0.225
agtgaccactataaaa,0.2625
gtgaccactataaaaa,0.2625
tgaccactataaaaaa,0.2625
gaccactataaaaaac,0.2625
accactataaaaaact,0.25
ccactataaaaaactc,0.25
cactataaaaaactcc,0.25
actataaaaaactcct,0.25
ctataaaaaactcctc,0.25
tataaaaaactcctct,0.25
ataaaaaactcctcta,0.25
taaaaaactcctctat,0.25
aaaaaactcctctatg,0.25
aaaaactcctctatgg,0.25
aaaactcctctatggt,0.25
aaactcctctatggta,0.25
aactcctctatggtac,0.25
actcctctatggtacc,0.2
ctcctctatggtacct,0.2
tcctctatggtaccta,0.2
cctctatggtacctag,0.2
ctctatggtacctaga,0.2
tctatggtacctagaa,0.2
ctatggtacctagaaa,0.2375
tatggtacctagaaaa,0.2875
atggtacctagaaaac,0.2875
tggtacctagaaaacc,0.2875
ggtacctagaaaacca,0.2875
gtacctagaaaaccag,0.2875
tacctagaaaaccagc,0.2875
acctagaaaaccagcc,0.2875
cctagaaaaccagcca,0.275
ctagaaaaccagccag,0.275
tagaaaaccagccagg,0.25
agaaaaccagccaggg,0.3
gaaaaccagccagggg,0.3
aaaaccagccaggggg,0.3
aaaccagccagggggc,0.3
aaccagccagggggca,0.3
accagccagggggcat,0.2875
ccagccagggggcata,0.3
cagccagggggcataa,0.3125
agccagggggcataag,0.375
gccagggggcataagt,0.375
ccagggggcataagtt,0.375
cagggggcataagttt,0.3375
agggggcataagtttt,0.3375
gggggcataagttttc,0.3375
ggggcataagttttca,0.3375
gggcataagttttcag,0.3375
ggcataagttttcagc,0.3375
gcataagttttcagcg,0.275
cataagttttcagcgt,0.2125
ataagttttcagcgtt,0.1875
taagttttcagcgtta,0.1875
aagttttcagcgttaa,0.1875
agttttcagcgttaac,0.1875
gttttcagcgttaact,0.25
ttttcagcgttaactg,0.3125
tttcagcgttaactga,0.3125
ttcagcgttaactgag,0.3125
tcagcgttaactgagc,0.3375
cagcgttaactgagcc,0.3375
agcgttaactgagccg,0.3375
gcgttaactgagccgt,0.3375
cgttaactgagccgtt,0.3375
gttaactgagccgttt,0.3375
ttaactgagccgtttg,0.3375
taactgagccgtttgg,0.3375
aactgagccgtttgga,0.3375
actgagccgtttggaa,0.275
ctgagccgtttggaat,0.2125
tgagccgtttggaata,0.2125
gagccgtttggaatac,0.2125
agccgtttggaatact,0.2125
gccgtttggaatacta,0.2125
ccgtttggaatactaa,0.2125
cgtttggaatactaag,0.2125
gtttggaatactaagc,0.2125
tttggaatactaagct,0.2125
ttggaatactaagctg,0.225
tggaatactaagctga,0.225
ggaatactaagctgac,0.2375
gaatactaagctgacc,0.2375
aatactaagctgaccc,0.2375
atactaagctgaccca,0.2375
tactaagctgacccac,0.2375
actaagctgacccact,0.275
ctaagctgacccacta,0.275
taagctgacccactaa,0.275
aagctgacccactaag,0.275
agctgacccactaaga,0.275
gctgacccactaagaa,0.275
ctgacccactaagaaa,0.3125
tgacccactaagaaat,0.3125
gacccactaagaaata,0.3125
acccactaagaaatag,0.3
cccactaagaaataga,0.3
ccactaagaaatagaa,0.25
cactaagaaatagaat,0.225
actaagaaatagaatt,0.225
ctaagaaatagaatta,0.2
taagaaatagaattag,0.1875
aagaaatagaattagt,0.1875
agaaatagaattagtt,0.1875
gaaatagaattagtta,0.1875
aaatagaattagttat,0.1875
aatagaattagttata,0.15
atagaattagttatac,0.15
tagaattagttatacg,0.15
agaattagttatacgc,0.15
gaattagttatacgca,0.1875
aattagttatacgcaa,0.25
attagttatacgcaag,0.25
ttagttatacgcaagg,0.275
tagttatacgcaaggc,0.275
agttatacgcaaggca,0.275
gttatacgcaaggcag,0.275
ttatacgcaaggcagt,0.275
tatacgcaaggcagtt,0.275
atacgcaaggcagttc,0.275
tacgcaaggcagttca,0.275
acgcaaggcagttcaa,0.275
cgcaaggcagttcaac,0.325
gcaaggcagttcaacc,0.325
caaggcagttcaaccc,0.325
aaggcagttcaacccc,0.325
aggcagttcaaccccc,0.325
ggcagttcaacccccg,0.325
gcagttcaacccccgt,0.325
cagttcaacccccgtc,0.325
agttcaacccccgtcc,0.325
gttcaacccccgtcct,0.325
ttcaacccccgtccta,0.2625
tcaacccccgtcctag,0.2625
caacccccgtcctagt,0.275
aacccccgtcctagtc,0.275
acccccgtcctagtcc,0.275
cccccgtcctagtcca,0.3125
ccccgtcctagtccaa,0.375
cccgtcctagtccaac,0.4375
ccgtcctagtccaact,0.5
cgtcctagtccaactg,0.5625
gtcctagtccaactgg,0.625
tcctagtccaactggc,0.6875
cctagtccaactggca,0.75
ctagtccaactggcaa,0.8125
tagtccaactggcaaa,0.875
agtccaactggcaaag,0.9375
gtccaactggcaaagg,1
tccaactggcaaaggc,0.9375
ccaactggcaaaggca,0.875
caactggcaaaggcac,0.8125
aactggcaaaggcaca,0.75
actggcaaaggcacaa,0.6875
ctggcaaaggcacaac,0.625
tggcaaaggcacaact,0.5625
ggcaaaggcacaactc,0.5
gcaaaggcacaactcc,0.4375
caaaggcacaactccc,0.375
aaaggcacaactcccc,0.3125
aaggcacaactcccca,0.3125
aggcacaactccccac,0.3125
ggcacaactccccacg,0.3125
gcacaactccccacgg,0.3625
cacaactccccacgga,0.3625
acaactccccacggat,0.3625
caactccccacggatt,0.3625
aactccccacggattc,0.3
actccccacggattcc,0.2375
ctccccacggattccg,0.225
tccccacggattccgt,0.225
ccccacggattccgta,0.225
cccacggattccgtaa,0.225
ccacggattccgtaag,0.1875
cacggattccgtaaga,0.1875
acggattccgtaagat,0.1875
cggattccgtaagatc,0.1875
ggattccgtaagatca,0.1875
gattccgtaagatcac,0.1875
attccgtaagatcact,0.1875
ttccgtaagatcacta,0.1875
tccgtaagatcactag,0.2
ccgtaagatcactaga,0.2
cgtaagatcactagat,0.2
gtaagatcactagata,0.2
taagatcactagatac,0.2
aagatcactagataca,0.2
agatcactagatacat,0.2
gatcactagatacata,0.2
atcactagatacataa,0.2
tcactagatacataag,0.2125
cactagatacataagt,0.2125
actagatacataagtc,0.2125
ctagatacataagtcg,0.2125
tagatacataagtcgt,0.2125
agatacataagtcgtc,0.2125
gatacataagtcgtcg,0.2125
atacataagtcgtcgt,0.2125
tacataagtcgtcgtc,0.2125
acataagtcgtcgtca,0.2125
cataagtcgtcgtcag,0.2125
ataagtcgtcgtcaga,0.1875
taagtcgtcgtcagat,0.1875
aagtcgtcgtcagatg,0.1875
agtcgtcgtcagatgt,0.1875
gtcgtcgtcagatgtg,0.1875
tcgtcgtcagatgtgt,0.1875
cgtcgtcagatgtgtt,0.1875
gtcgtcagatgtgtta,0.1875
tcgtcagatgtgttac,0.1875
cgtcagatgtgttact,0.1875
gtcagatgtgttactt,0.1875
tcagatgtgttacttc,0.1875
cagatgtgttacttca,0.1875
agatgtgttacttcat,0.1875
gatgtgttacttcatg,0.1875
atgtgttacttcatgc,0.1875
tgtgttacttcatgca,0.1875
gtgttacttcatgcaa,0.25
tgttacttcatgcaaa,0.3125
gttacttcatgcaaaa,0.3125
ttacttcatgcaaaat,0.3125
tacttcatgcaaaatc,0.3125
acttcatgcaaaatcc,0.3125
cttcatgcaaaatccc,0.3125
ttcatgcaaaatccca,0.3125
tcatgcaaaatcccac,0.3125
catgcaaaatcccaca,0.3125
atgcaaaatcccacaa,0.3125
tgcaaaatcccacaaa,0.3125
gcaaaatcccacaaaa,0.3125
caaaatcccacaaaaa,0.2625
aaaatcccacaaaaaa,0.2625
aaatcccacaaaaaat,0.2625
aatcccacaaaaaatt,0.2625
atcccacaaaaaatta,0.2625
tcccacaaaaaattat,0.2625
cccacaaaaaattatg,0.25
ccacaaaaaattatgc,0.25
cacaaaaaattatgcc,0.25
acaaaaaattatgcca,0.25
caaaaaattatgccaa,0.2625
aaaaaattatgccaaa,0.325
aaaaattatgccaaag,0.3875
aaaattatgccaaagc,0.3875
aaattatgccaaagcc,0.3875
aattatgccaaagcct,0.3875
attatgccaaagccta,0.3875
ttatgccaaagcctac,0.3875
tatgccaaagcctacg,0.3875
atgccaaagcctacga,0.3875
tgccaaagcctacgat,0.3875
gccaaagcctacgatt,0.325
ccaaagcctacgatta,0.3125
caaagcctacgattac,0.3125
aaagcctacgattact,0.25
aagcctacgattactg,0.25
agcctacgattactgt,0.25
gcctacgattactgtc,0.2625
cctacgattactgtca,0.325
ctacgattactgtcat,0.325
tacgattactgtcata,0.3375
acgattactgtcatag,0.4
cgattactgtcatagg,0.4625
gattactgtcataggt,0.4625
attactgtcataggtc,0.4625
ttactgtcataggtct,0.4625
tactgtcataggtctc,0.4625
actgtcataggtctcg,0.4625
ctgtcataggtctcgc,0.4
tgtcataggtctcgct,0.3375
gtcataggtctcgctt,0.275
tcataggtctcgcttt,0.2625
cataggtctcgctttt,0.2625
ataggtctcgcttttt,0.2
taggtctcgctttttc,0.2
aggtctcgctttttcc,0.2
ggtctcgctttttcct,0.2
gtctcgctttttcctt,0.2
tctcgctttttcctta,0.2
ctcgctttttccttaa,0.2
tcgctttttccttaat,0.1875
cgctttttccttaatt,0.1875
gctttttccttaattc,0.1875
ctttttccttaattcg,0.1875
tttttccttaattcgg,0.1875
ttttccttaattcggt,0.1875
tttccttaattcggta,0.1875
ttccttaattcggtag,0.1875
tccttaattcggtagg,0.1875
ccttaattcggtaggc,0.1875
cttaattcggtaggcc,0.1875
ttaattcggtaggcca,0.2
taattcggtaggccac,0.2
aattcggtaggccact,0.225
attcggtaggccacta,0.225
ttcggtaggccactaa,0.225
tcggtaggccactaag,0.225
cggtaggccactaaga,0.225
ggtaggccactaagaa,0.225
gtaggccactaagaac,0.225
taggccactaagaacg,0.225
aggccactaagaacgc,0.225
ggccactaagaacgcc,0.225
gccactaagaacgcca,0.225
ccactaagaacgccag,0.225
cactaagaacgccagc,0.225
actaagaacgccagcc,0.225
ctaagaacgccagcca,0.225
taagaacgccagccag,0.225
aagaacgccagccagc,0.225
agaacgccagccagca,0.2875
gaacgccagccagcac,0.2875
aacgccagccagcact,0.2875
acgccagccagcactc,0.2875
cgccagccagcactct,0.2875
gccagccagcactctt,0.2875
ccagccagcactctta,0.2875
cagccagcactcttat,0.225
agccagcactcttata,0.2
gccagcactcttatag,0.2
ccagcactcttatagc,0.2
cagcactcttatagcg,0.1875
agcactcttatagcga,0.1875
gcactcttatagcgag,0.1875
cactcttatagcgagg,0.1875
actcttatagcgaggc,0.1875
ctcttatagcgaggct,0.1875
tcttatagcgaggctt,0.1875
cttatagcgaggcttg,0.1875
ttatagcgaggcttga,0.1875
tatagcgaggcttgaa,0.1875
atagcgaggcttgaag,0.1875
tagcgaggcttgaagc,0.1875
agcgaggcttgaagcc,0.1875
gcgaggcttgaagccc,0.1875
cgaggcttgaagccct,0.1875
gaggcttgaagccctt,0.1875
aggcttgaagcccttg,0.1875
ggcttgaagcccttgt,0.1875
gcttgaagcccttgtg,0.1875
cttgaagcccttgtgg,0.1875
ttgaagcccttgtggg,0.1875
tgaagcccttgtgggc,0.1875
gaagcccttgtgggcc,0.1875
aagcccttgtgggccg,0.1875
agcccttgtgggccgt,0.1875
gcccttgtgggccgta,0.1875
cccttgtgggccgtag,0.1875
